
---------------------<built-in method now of type object at 0x7deef8>5
0
645
1
678
3
711
33
750
65
778
84
811
116
844
147
880
172
911
196
944
184
978
248
1011
267
1045
301
1078
339
1111
360
1144
393
1180
428
1211
449
1244
481
1277
515
1314
535
1344
564
1377
587
1411
612
1444
638
1482
675
1513
713
1544
733
1577
768
1611
804
1644
824
1677
857
1711
891
1748
910
1778
941
1810
964
1843
987
1876
1018
1913
1056
1945
1095
1989
1116

---------------------<built-in method now of type object at 0x7deef8>4
0
644
1
677
3
710
36
744
62
779
85
811
122
844
165
878
190
911
229
945
267
977
293
1013
330
1044
365
1078
390
1110
416
1148
450
1178
484
1211
521
1244
557
1278
597
1310
631
1345
660
1378
700
1409
736
1448
758
1477
785
1511
826
1543
851
1579
891
1611
933
1655
959
1676
996
1726
1037
1755
1071
1786
1095
1809
1123
1845
1164
1887
1186
1922
1228
1948
1266
1977
1299

---------------------<built-in method now of type object at 0x7deef8>3
0
646
3
679
8
713
23
746
58
780
87
814
116
867
155
880
190
934
210
956
245
979
282
1013
304
1059
336
1079
369
1113
382
1146
411
1180
448
1213
482
1248
508
1281
545
1323
582
1355
601
1380
638
1413
674
1446
694
1479
729
1514
756
1547
779
1579
818
1614
856
1649
883
1679
917
1712
950
1748
984
1780
1008
1813
1045
1847
1083
1884
1094
1913
1129
1947
1167
1980
1205

---------------------<built-in method now of type object at 0x7deef8>7
0
40
0
73
0
107
3
140
11
174
18
208
34
240
54
281
68
318
94
339
117
373
140
406
177
439
216
477
253
506
290
541
326
574
369
606
405
641
434
673
475
706
508
741
535
782
580
810
630
841
657
873
699
908
745
939
773
972
810
1006
844
1039
875
1073
913
1105
963
1140
1002
1172
1040
1206
1081
1249
1126
1291
1149
1313
1190
1339
1224
1372
1255
1406
1300
1442
1346
1485
1389
1505
1417
1539
1464
1573
1508
1607
1532
1639
1564
1674
1607
1705
1644
1747
1684
1771
1733
1805
1780
1841
1805
1873
1851
1907
1881
1938
1915
1973
1953

---------------------<built-in method now of type object at 0x7deef8>7
0
34
0
68
0
101
1
137
2
168
8
203
19
233
29
276
40
302
57
334
72
368
83
410
102
441
124
469
136
504
153
556
181
573
197
612
229
650
261
681
279
701
310
736
341
768
364
801
393
833
422
870
447
912
468
935
495
966
516
1002
543
1035
565
1066
600
1099
636
1134
653
1176
686
1205
721
1234
740
1266
772
1299
804
1334
819
1366
849
1400
871
1444
894
1466
922
1501
959
1544
992
1567
1016
1599
1051
1634
1084
1666
1109
1701
1138
1734
1169
1767
1200
1803
1215
1832
1238
1867
1258
1899
1289
1934
1325
1965
1362
2000
1386
