
---------------------<built-in method now of type object at 0x7deef8>Receiving command
Received g
Receiving command
Received s
Receiving command
Received r
To Jetson
5, 1
10, 7
20, 8
25, 21
30, 38
42, 39
47, 60
52, 67
61, 68
66, 91
71, 102
80, 103
85, 118
90, 132
99, 131
104, 147
109, 164
114, 163
119, 164
125, 184
130, 198
136, 197
141, 202
146, 229
152, 228
157, 232
162, 238
167, 257
172, 261
179, 262
184, 286
189, 299
194, 298
199, 301
204, 329
210, 338
218, 339
223, 362
228, 376
233, 375
238, 377
243, 403
248, 413
253, 412
258, 414
263, 436
268, 445
276, 446
281, 465
286, 480
296, 481
301, 499
306, 514
311, 515
316, 516
321, 536
326, 547
335, 548
340, 563
345, 583
350, 585
355, 586
360, 595
365, 610
375, 611
381, 636
386, 646
394, 647
399, 666
404, 685
413, 686
418, 706
423, 723
428, 725
433, 726
438, 744
443, 763
448, 764
453, 765
458, 785
463, 799
473, 800
478, 820
483, 835
492, 836
497, 855
502, 870
507, 871
513, 872
518, 894
523, 905
531, 906
536, 923
541, 942
546, 944
552, 945
557, 956
562, 970
571, 971
576, 991
581, 1006
590, 1007
595, 1021
600, 1045
605, 1046
610, 1047
615, 1068
620, 1085
625, 1086
630, 1087
635, 1112
640, 1123
645, 1124
650, 1125
655, 1147
660, 1158
669, 1159
674, 1181
679, 1194
688, 1195
693, 1210
698, 1229
703, 1230
708, 1231
713, 1249
718, 1264
723, 1263
728, 1264
733, 1283
738, 1300
743, 1301
748, 1302
753, 1314

---------------------<built-in method now of type object at 0x7deef8>Receiving command
Received g

---------------------<built-in method now of type object at 0x7deef8>Receiving command
Received g
Receiving command
Received s
Receiving command
Received r
To Jetson
5, 0
10, 4
18, 3
23, 6
28, 18
33, 21
42, 22
47, 45
52, 56
58, 55
63, 62
68, 86
73, 89
78, 90
83, 100
88, 121
93, 125
100, 126
105, 148
110, 162
119, 163
124, 184
129, 197
134, 198
139, 199
144, 215
149, 229
154, 230
159, 231
164, 254
170, 264
179, 265
184, 287
189, 298
194, 299
199, 300
204, 324
209, 330
214, 331
219, 332
224, 357
229, 367
237, 368
242, 378
247, 392
258, 393
263, 417
268, 428
276, 429
281, 447
286, 465
295, 466
300, 478
305, 503
310, 506
316, 507
321, 528
326, 542
335, 543
341, 563
346, 575
356, 576
361, 602
366, 613
374, 614
379, 630
384, 643
389, 644
395, 645
400, 667
405, 678
414, 679
419, 700
424, 712
434, 713
439, 733
444, 738
454, 739
459, 762
464, 773
470, 774
475, 777
480, 804
485, 810
490, 811
495, 818
500, 844
505, 848
512, 849
517, 868
522, 886
527, 887
532, 888
537, 910
542, 922
550, 923
555, 931
560, 952
565, 955
571, 956
576, 976
581, 990
587, 989
592, 994
597, 1014
602, 1025
611, 1026
616, 1047
621, 1057
630, 1058
635, 1081
640, 1095
645, 1096
651, 1097
656, 1112
661, 1120
669, 1121
674, 1142
679, 1156
688, 1157
693, 1172
698, 1195
703, 1196
708, 1197
713, 1216
718, 1234
725, 1235
730, 1237
735, 1265
740, 1273
748, 1274
753, 1296
758, 1307
766, 1308
771, 1318
776, 1341
781, 1343
787, 1344
792, 1365
797, 1378
806,
---------------------<built-in method now of type object at 0x7deef8>Receiving command
Received g

---------------------<built-in method now of type object at 0x7deef8>Receiving command
Received g

---------------------<built-in method now of type object at 0x7deef8>Receiving command
Received g
Receiving command
Received s
Receiving command
Received r
To Jetson
5, 0
10, 3
15, 13
20, 12
25, 13
30, 28
35, 45
41, 46
47, 47
52, 58
57, 65
63, 66
68, 73
73, 96
78, 97
84, 98
89, 110
94, 131
104, 132
109, 151
114, 169
119, 170
124, 171
129, 189
134, 205
139, 206
144, 207
149, 226
154, 237
163, 238
169, 259
174, 273
179, 274
184, 275
189, 298
194, 306
199, 305
204, 310
209, 333
214, 339
222, 340
227, 357
232, 373
241, 374
246, 391
251, 408
263, 406
268, 426
273, 434
281, 435
286, 456
291, 471
301, 472
306, 494
311, 510
319, 511
324, 525
329, 546
334, 548
341, 549
346, 573
351, 586
360, 587
365, 608
370, 619
379, 620
384, 635
389, 654
399, 655
404, 675
409, 688
418, 689
423, 708
428, 720
433, 721
439, 722
444, 745
449, 757
456, 758
461, 768
466, 780
471, 781
476, 782
481, 792
486, 815
491, 817
497, 818
502, 840
507, 854
513, 853
518, 855
523, 883
528, 893
536, 894
541, 914
546, 928
551, 929
557, 930
562, 952
567, 960
575, 961
580, 980
585, 998
596, 999
601, 1020
606, 1029
615, 1030
620, 1051
625, 1063
634, 1064
639, 1078
644, 1097
654, 1098
659, 1117
664, 1123
669, 1120
674, 1126
679, 1146
684, 1157
694, 1158
699, 1182
704, 1194
713, 1195
718, 1219
724, 1233
732, 1232
737, 1250
742, 1269
747, 1270
752, 1271
757, 1292
762, 1307
767, 1308
773, 1309
778, 1331
783, 1340
791, 1341
796, 1361
801, 1376
812, 1377
817, 1399
822, 1410
830, 1411
835, 1426
840, 1441
845, 1442
850, 1441
855, 1457
860, 1476
865, 1478
870, 1479
875, 1488
880, 1502
889, 1503
895, 1523
900, 1538
907, 1537
912, 1544
917, 1570
922, 1574
927, 1573
932, 1587
937, 1609
942, 1614
947, 1613
952, 1625
957, 1647
962, 1649
968, 1650
973, 1670
978, 1681
988, 1682
993, 1704
998, 1719
1008, 1720
1013, 1742
1018, 1749
1025, 1750
1030, 1757
1035, 1780
1040, 1783
1047, 1784
1052, 1805
1057, 1817
1067, 1818
1072, 1839
1077, 1845
1082, 1839
1087, 1843
1092, 1867
1097, 1876
1105, 1877
1110, 1892
1115, 1912
1120, 1913
1125, 1914
1130, 1935
1135, 1952
1142, 1953
1147, 1960
1152, 1983
1157, 1990
1162, 1989
1167, 1997
1172, 2023
1177, 2027
1184, 2028
1189, 2049
1194, 2059
1199, 2060
1204, 2059
1209, 2083
1214, 2095
1223, 2096
1228, 2116
1233, 2129
1238, 2130
1243, 2129
1248, 2148
1253, 2160
1261, 2161
1266, 2172
1271, 2195
1276, 2197
1281, 2196
1286, 2208
1291, 2219
1296, 2221
1302, 2222
1307, 2244
1312, 2258
1317, 2257
1322, 2258
1327, 2280
1332, 2294
1341, 2295
1346, 2317
1351, 2334
1360, 2335
1365, 2348
1370, 2368
1375, 2369
1380, 2370
1385, 2387
1390, 2402
1400, 2403
1405, 2426
1410, 2439
1420, 2440
1425, 2460
1430, 2470
1436, 2469
1441, 2474
1446, 2499
1451, 2503
1459, 2504
1464, 2524
1469, 2537
1479, 2538
1484, 2561
1489, 2565
1494, 2561
1499, 2566
1504, 2585
1509, 2597
1518, 2598
1523, 2621
1528, 2634
1537, 2633
1542, 2652
1547, 2672
1552, 2673
1557, 2674
1562, 2696
1567, 2711
1573, 2710
1578, 2712
1583, 2737
1588, 2748
1597, 2749
1602, 2771
1607, 2780
1615, 2781
1620, 2794
1625, 2814
1630, 2815
1635, 2816
1640, 2833
1645, 2849
1650, 2850
1655, 2851
1660, 2870
1665, 2881

---------------------<built-in method now of type object at 0x7deef8>5, 0
10, 6
15, 10
25, 11
30, 32
35, 42
44, 43
49, 58
54, 74
64, 75
69, 94
74, 106
84, 107
89, 123
94, 136
103, 137
108, 154
113, 172
123, 173
128, 185
133, 196
142, 197
147, 212
152, 231
162, 232
167, 252
172, 266
177, 267
182, 268
187, 288
192, 305
197, 306
202, 307
207, 331
212, 341
221, 342
226, 358
231, 373
241, 374
246, 397
251, 411
261, 412
266, 432
271, 443
276, 442
281, 444
286, 467
291, 476
300, 477
305, 495
310, 510
320, 511
325, 534
330, 538
335, 532
340, 534
345, 558
350, 569
359, 570
364, 593
369, 606
378, 607
383, 630
388, 644
393, 645
398, 646
403, 666
408, 682
417, 683
422, 703
427, 720
438, 721
443, 742
448, 753
453, 752
458, 755
463, 782
468, 788
477, 789
482, 810
487, 822
492, 823
497, 824
502, 847
507, 854
516, 855
521, 874
526, 890
533, 891
538, 898
543, 911
548, 914
554, 915
559, 927
564, 948
569, 950
575, 951
580, 974
585, 986
594, 987
599, 1011
604, 1025
614, 1026
619, 1047
624, 1061
629, 1062
634, 1063
639, 1085
644, 1093
652, 1094
657, 1108
662, 1129
667, 1132
673, 1133
678, 1154
683, 1163
693, 1164
698, 1184
703, 1196
712, 1197
717, 1217
722, 1230
732, 1231
737, 1252
742, 1259
747, 1254
752, 1257
757, 1280
762, 1290
772, 1291
777, 1316
782, 1327
791, 1328
796, 1353
801, 1366
810, 1367
815, 1385
820, 1403
830, 1404
835, 1426
840, 1441
849, 1442
854, 1460
859, 1473
869, 1474
874, 1494
879, 1509
888, 1510
893, 1527
898, 1543
909, 1544
914, 1565
919, 1575
924, 1574
929, 1576
934, 1601
939, 1611
945, 1610
950, 1615
955, 1630
960, 1635
965, 1634
970, 1643
975, 1668
980, 1671
988, 1672
993, 1697
998, 1707
1006, 1708
1011, 1728
1016, 1746
1021, 1747
1026, 1748
1031, 1765
1036, 1782
1044, 1778
1049, 1793
1054, 1813
1059, 1814
1065, 1815
1070, 1831
1075, 1851
1080, 1852
1085, 1853
1090, 1872
1095, 1884
1100, 1883
1105, 1885
1110, 1907
1115, 1917
1125, 1918
1130, 1941
1135, 1952
1144, 1953
1149, 1974
1154, 1978
1159, 1977
1164, 1981
1169, 1997
1174, 2010
1183, 2011
1188, 2033
1193, 2047
1203, 2048
1208, 2069
1213, 2085
1222, 2086
1227, 2106
1232, 2122
1239, 2131
1244, 2125
1249, 2151
1254, 2160
1262, 2161
1267, 2181
1272, 2192
1281, 2193
1286, 2209
1291, 2227
1301, 2228
1306, 2248
1311, 2261
1320, 2262
1326, 2280
1331, 2293
1336, 2292
1341, 2293
1346, 2317
1351, 2329
1359, 2330
1364, 2338
1369, 2351
1374, 2353
1380, 2354
1385, 2376
1390, 2389
1399, 2390
1404, 2410
1409, 2424
1419, 2425
1424, 2448
1429, 2464
1438, 2465
1443, 2485
1448, 2500
1457, 2499
1462, 2512
1467, 2531
1474, 2532
1479, 2535
1484, 2561
1489, 2569
1498, 2570
1503, 2591
1508, 2601
1517, 2602
1522, 2622
1527, 2635
1536, 2636
1541, 2649
1546, 2668
1551, 2669
1557, 2670
1562, 2694
1567, 2700
1572, 2701
1577, 2686
1582, 2718
1587, 2728
1594, 2729
1599, 2740
1604, 2763
1609, 2765
1615, 2766
1620, 2789
1625, 2803
1630, 2804
1635, 2805
1640, 2826
1645, 2841
1654, 2842
1659, 2863
1664, 2878
1669, 2879
1675, 2880
1680, 2902
1685, 2912
1694, 2913
1699, 2936
1704, 2947
1714, 2948
1719, 2970
1724, 2980
1732, 2981
1737, 2997
1742, 3012
1749, 3013
1754, 3014
1759, 3038
1764, 3048
