
---------------------
Friction testing.
35%
---------------------
25561791 1

---------------------
Friction testing.
35%
---------------------
58330936 -9
58371598 -8
58478467 -9
58541459 -8
58564483 -7
58717450 -6
58905909 -5
58950014 -4
58986629 -3
59176819 -4
59392912 -5
59545732 -4
59568283 -3
59592986 -2
59649774 -3
59872099 -2
59949442 -1
29867 0
114294 1
145339 2
164495 3
182935 4
196155 5
213883 6
229241 7
246586 8
268868 9
302100 10
372107 11
516029 10
633428 9
727115 8
1743586 7
