---------------------------------------
Time Duty_cycle X X_dot Theta Theta_dot
-0.018940309102222268 1611701098171 -0.05926636912601693 0 0.0 9.075350222229744e-05 -0.0017649396629213455 
-0.018940309102222268 1611701098211 0.09075350222229744 0 0.0 9.075350222229744e-05 0.0 
-0.018940309102222268 1611701098246 10.861928130793284 0 0.0 0.0032323461022221688 0.08975978857142489 
-0.018940309102222268 1611701098259 3.2323461022221687 0 0.0 0.0032323461022221688 0.0 
-0.018940309102222268 1611701098289 3.2323461022221687 0 0.0 0.0032323461022221688 0.0 
-0.018940309102222268 1611701098309 3.2323461022221687 0 0.0 0.0032323461022221688 0.0 
-0.018940309102222268 1611701098349 3.2323461022221687 0 0.0 0.0032323461022221688 0.0 
-0.018940309102222268 1611701098368 3.2323461022221687 0 0.0 0.0032323461022221688 0.0 
-0.018940309102222268 1611701098404 -7.326895692221844 0 0.0 9.075350222229744e-05 -0.08726646111110754 
-0.018940309102222268 1611701098440 10.64999529666631 0 0.0 0.0032323461022221688 0.08726646111110754 
-0.018940309102222268 1611701098471 -8.523290723583802 0 0.0 9.075350222229744e-05 -0.1013416967741894 
-0.018940309102222268 1611701098493 15.37031751131258 0 0.0 0.0032323461022221688 0.1427996636363578 
-0.018940309102222268 1611701098531 3.2323461022221687 0 0.0 0.0032323461022221688 0.0 
-0.018940309102222268 1611701098566 3.2323461022221687 0 0.0 0.0032323461022221688 0.0 
-0.018940309102222268 1611701098615 3.2323461022221687 0 0.0 0.0032323461022221688 0.0 
-0.018940309102222268 1611701098659 3.2323461022221687 0 0.0 0.0032323461022221688 0.0 
-0.018940309102222268 1611701098703 3.2323461022221687 0 0.0 0.0032323461022221688 0.0 
-0.018940309102222268 1611701098750 -5.590850136075342 0 0.0 9.075350222229744e-05 -0.06684239574467811 
-0.018940309102222268 1611701098787 0.09075350222229744 0 0.0 9.075350222229744e-05 0.0 
-0.018940309102222268 1611701098834 0.09075350222229744 0 0.0 9.075350222229744e-05 0.0 
-0.018940309102222268 1611701098867 0.09075350222229744 0 0.0 9.075350222229744e-05 0.0 
-0.018940309102222268 1611701098904 0.6662404349553213 0 0.0 0.0002652864244446079 0.004717106006008391 
-0.018940309102222268 1611701098947 -0.2542534370543629 0 0.0 9.075350222229744e-05 -0.004058905167960709 
-0.018940309102222268 1611701098991 0.09075350222229744 0 0.0 9.075350222229744e-05 0.0 
-0.018940309102222268 1611701099031 0.09075350222229744 0 0.0 9.075350222229744e-05 0.0 
-0.018940309102222268 1611701099080 0.09075350222229744 0 0.0 9.075350222229744e-05 0.0 
-0.018940309102222268 1611701099123 0.09075350222229744 0 0.0 9.075350222229744e-05 0.0 
-0.018940309102222268 1611701099163 0.09075350222229744 0 0.0 9.075350222229744e-05 0.0 
-0.018940309102222268 1611701099203 0.6361688841670177 0 0.0 0.0002652864244446079 0.004363323055557762 
-0.018940309102222268 1611701099238 0.2652864244446079 0 0.0 0.0002652864244446079 0.0 
-0.018940309102222268 1611701099260 -0.5835782427275384 0 0.0 9.075350222229744e-05 -0.007933314646468658 
-0.018940309102222268 1611701099307 0.09075350222229744 0 0.0 9.075350222229744e-05 0.0 
-0.018940309102222268 1611701099357 0.09075350222229744 0 0.0 9.075350222229744e-05 0.0 
-0.018940309102222268 1611701099410 0.09075350222229744 0 0.0 9.075350222229744e-05 0.0 
-0.018940309102222268 1611701099456 0.09075350222229744 0 0.0 9.075350222229744e-05 0.0 
-0.018940309102222268 1611701099486 0.09075350222229744 0 0.0 9.075350222229744e-05 0.0 
-0.018940309102222268 1611701099540 0.09075350222229744 0 0.0 9.075350222229744e-05 0.0 
-0.018940309102222268 1611701099585 0.09075350222229744 0 0.0 9.075350222229744e-05 0.0 
-0.018940309102222268 1611701099632 0.09075350222229744 0 0.0 9.075350222229744e-05 0.0 
-0.018940309102222268 1611701099665 0.7148409210778319 0 0.0 0.0002652864244446079 0.005288876430979105 
-0.018940309102222268 1611701099701 -0.32133811969149123 0 0.0 9.075350222229744e-05 -0.004848136728397514 
-0.018940309102222268 1611701099743 9.590331126031431 0 0.0 0.0032323461022221688 0.07479982380952074 
-0.018940309102222268 1611701099777 3.2323461022221687 0 0.0 0.0032323461022221688 0.0 
-0.018940309102222268 1611701099801 3.2323461022221687 0 0.0 0.0032323461022221688 0.0 
-0.018940309102222268 1611701099850 3.2323461022221687 0 0.0 0.0032323461022221688 0.0 
-0.018940309102222268 1611701099885 -7.5388285263488175 0 0.0 9.075350222229744e-05 -0.08975978857142489 
-0.018940309102222268 1611701099916 0.7438444369896529 0 0.0 0.0002652864244446079 0.0056300942652358224 
-0.018940309102222268 1611701099965 -0.212007689387833 0 0.0 9.075350222229744e-05 -0.003561896371883887 
-0.018940309102222268 1611701100000 10.861928130793284 0 0.0 0.0032323461022221688 0.08975978857142489 
-0.018940309102222268 1611701100043 -6.119371404754193 0 0.0 9.075350222229744e-05 -0.07306029302325283 
-0.018940309102222268 1611701100099 0.09075350222229744 0 0.0 9.075350222229744e-05 0.0 
-0.018940309102222268 1611701100151 0.09075350222229744 0 0.0 9.075350222229744e-05 0.0 
-0.018940309102222268 1611701100200 0.09075350222229744 0 0.0 9.075350222229744e-05 0.0 
-0.018940309102222268 1611701100237 0.09075350222229744 0 0.0 9.075350222229744e-05 0.0 
-0.018940309102222268 1611701100286 8.682047551201537 0 0.0 0.0032323461022221688 0.06411413469387492 
-0.018940309102222268 1611701100302 3.2323461022221687 0 0.0 0.0032323461022221688 0.0 
-0.018940309102222268 1611701100347 -5.339159633579674 0 0.0 0.0002652864244446079 -0.06593465950616802 
-0.018940309102222268 1611701100389 -0.2624678879895214 0 0.0 9.075350222229744e-05 -0.004155545767197869 
-0.018940309102222268 1611701100423 0.09075350222229744 0 0.0 9.075350222229744e-05 0.0 
-0.018940309102222268 1611701100450 0.09075350222229744 0 0.0 9.075350222229744e-05 0.0 
-0.018940309102222268 1611701100482 0.09075350222229744 0 0.0 9.075350222229744e-05 0.0 
-0.018940309102222268 1611701100508 0.09075350222229744 0 0.0 9.075350222229744e-05 0.0 
-0.018940309102222268 1611701100558 0.09075350222229744 0 0.0 9.075350222229744e-05 0.0 
-0.018940309102222268 1611701100593 -10.680421126349533 0 0.0 -0.00305083909777782 -0.08975978857143192 
-0.018940309102222268 1611701100648 4.945942065858843 0 0.0 9.075350222229744e-05 0.05711986545454759 
-0.018940309102222268 1611701100686 -10.078085703041243 0 0.0 -0.00305083909777782 -0.08267348947368731 
-0.018940309102222268 1611701100745 -3.0508390977778204 0 0.0 -0.00305083909777782 0.0 
-0.018940309102222268 1611701100799 -3.0508390977778204 0 0.0 -0.00305083909777782 0.0 
-0.018940309102222268 1611701100842 -3.0508390977778204 0 0.0 -0.00305083909777782 0.0 
-0.018940309102222268 1611701100885 -3.0508390977778204 0 0.0 -0.00305083909777782 0.0 
-0.018940309102222268 1611701100929 -2.539140303080592 0 0.0 -0.0028763061755555097 0.003966657323234329 
-0.018940309102222268 1611701100965 -2.8763061755555097 0 0.0 -0.0028763061755555097 0.0 
-0.018940309102222268 1611701100995 -14.919077808889295 0 0.0 -0.006017898775555627 -0.10471975333333726 
-0.018940309102222268 1611701101032 3.765379080900926 0 0.0 -0.00305083909777782 0.0801908021021029 
-0.018940309102222268 1611701101062 -14.424567862592749 0 0.0 -0.006017898775555627 -0.09890198925926025 
-0.018940309102222268 1611701101105 -6.0178987755556275 0 0.0 -0.006017898775555627 0.0 
-0.018940309102222268 1611701101143 -6.0178987755556275 0 0.0 -0.006017898775555627 0.0 
-0.018940309102222268 1611701101181 -6.0178987755556275 0 0.0 -0.006017898775555627 0.0 
-0.018940309102222268 1611701101220 -6.0178987755556275 0 0.0 -0.006017898775555627 0.0 
-0.018940309102222268 1611701101254 -6.0178987755556275 0 0.0 -0.006017898775555627 0.0 
-0.018940309102222268 1611701101306 -6.0178987755556275 0 0.0 -0.006017898775555627 0.0 
-0.018940309102222268 1611701101341 -16.789073404126615 0 0.0 -0.009159491375555499 -0.08975978857142489 
-0.018940309102222268 1611701101382 -9.159491375555499 0 0.0 -0.009159491375555499 0.0 
-0.018940309102222268 1611701101428 -9.656530784492958 0 0.0 -0.009334024297777813 -0.0037941939613546512 
-0.018940309102222268 1611701101460 -20.820472241527327 0 0.0 -0.01247561689777768 -0.09817476874999587 
-0.018940309102222268 1611701101517 -4.214391912592596 0 0.0 -0.009159491375555499 0.05817764074074003 
-0.018940309102222268 1611701101570 -9.159491375555499 0 0.0 -0.009159491375555499 0.0 
-0.018940309102222268 1611701101606 1.3997504188885141 0 0.0 -0.006017898775555627 0.08726646111110754 
-0.018940309102222268 1611701101638 -17.504346719305158 0 0.0 -0.009159491375555499 -0.09817476874999598 
-0.018940309102222268 1611701101680 0.34008624825363576 0 0.0 -0.006017898775555627 0.07479982380952074 
-0.018940309102222268 1611701101721 -6.554268243847825 0 0.0 -0.0061924316977776915 -0.004256900542001564 
-0.018940309102222268 1611701101752 -5.539340763011258 0 0.0 -0.006017898775555627 0.005630094265227876 
-0.018940309102222268 1611701101777 -6.78584363333271 0 0.0 -0.0061924316977776915 -0.006981316888882566 
-0.018940309102222268 1611701101822 -5.688225478025062 0 0.0 -0.006017898775555627 0.003878509382712537 
-0.018940309102222268 1611701101865 -6.0178987755556275 0 0.0 -0.006017898775555627 0.0 
-0.018940309102222268 1611701101909 -6.0178987755556275 0 0.0 -0.006017898775555627 0.0 
-0.018940309102222268 1611701101940 -17.773535601361598 0 0.0 -0.009159491375555499 -0.1013416967741894 
-0.018940309102222268 1611701101987 -9.159491375555499 0 0.0 -0.009159491375555499 0.0 
-0.018940309102222268 1611701102039 -9.619318497564286 0 0.0 -0.009334024297777813 -0.0033564023504291146 
-0.018940309102222268 1611701102079 -8.788608915833082 0 0.0 -0.009159491375555499 0.004363323055557849 
-0.018940309102222268 1611701102119 -9.704906757500229 0 0.0 -0.009334024297777813 -0.004363323055557849 
-0.018940309102222268 1611701102165 -9.334024297777813 0 0.0 -0.009334024297777813 0.0 
-0.018940309102222268 1611701102203 -19.502863503040544 0 0.0 -0.01247561689777768 -0.08267348947368074 
-0.018940309102222268 1611701102242 -12.47561689777768 0 0.0 -0.01247561689777768 0.0 
-0.018940309102222268 1611701102288 -12.47561689777768 0 0.0 -0.01247561689777768 0.0 
-0.018940309102222268 1611701102327 -12.47561689777768 0 0.0 -0.01247561689777768 0.0 
-0.018940309102222268 1611701102368 -21.59389785875338 0 0.0 -0.015442676575555488 -0.07236730921409286 
-0.018940309102222268 1611701102413 -24.518388531111384 0 0.0 -0.018584269175555605 -0.06981316888889151 
-0.018940309102222268 1611701102454 -28.23891960482351 0 0.0 -0.02172586177555548 -0.0766242097560945 
-0.018940309102222268 1611701102497 -21.72586177555548 0 0.0 -0.02172586177555548 0.0 
-0.018940309102222268 1611701102549 -38.279638167863155 0 0.0 -0.028009046975555472 -0.12083048461538448 
-0.018940309102222268 1611701102590 -37.66369740482413 0 0.0 -0.03115063957555559 -0.07662420975610043 
-0.018940309102222268 1611701102625 -53.29138742317408 0 0.0 -0.03760835769777765 -0.1845062320634874 
-0.018940309102222268 1611701102666 -56.381289088022 0 0.0 -0.043717009975555575 -0.14899151897019328 
-0.018940309102222268 1611701102705 -63.69431676529908 0 0.0 -0.05000019517555555 -0.1611073128205121 
-0.018940309102222268 1611701102754 -66.7054891596823 0 0.0 -0.05610884745333324 -0.12466637301587134 
-0.018940309102222268 1611701102789 -89.02076992952355 0 0.0 -0.06570815817555542 -0.2742660206349191 
-0.018940309102222268 1611701102821 -121.864125900556 0 0.0 -0.08106705533111114 -0.47996553611111614 
-0.018940309102222268 1611701102871 -48.080333031110996 0 0.0 -0.06884975077555552 0.244346091111112 
-0.018940309102222268 1611701102911 -30.670674039444243 0 0.0 -0.05663244621999992 0.3054326138888903 
-0.018940309102222268 1611701102953 -9.134558100952766 0 0.0 -0.04092448322000007 0.37399911904761535 
-0.018940309102222268 1611701102982 -125.31416030275798 0 0.0 -0.06239203265333323 -0.7402603252873502 
-0.018940309102222268 1611701103024 -52.8924550295241 0 0.0 -0.05925044005333336 0.07479982380952066 
-0.018940309102222268 1611701103056 -14.580920272083155 0 0.0 -0.047033135497777746 0.3817907673611129 
-0.018940309102222268 1611701103089 -115.05866415299681 0 0.0 -0.06605722402000003 -0.5764875309764329 
-0.018940309102222268 1611701103135 -48.66084470719766 0 0.0 -0.0599485717422221 0.13279678864734634 
-0.018940309102222268 1611701103171 -80.48043078697569 0 0.0 -0.06605722402000003 -0.16968478549383145 
-0.018940309102222268 1611701103215 -75.2678023245451 0 0.0 -0.06919881661999991 -0.07139983181817881 
-0.018940309102222268 1611701103262 -42.7292279051067 0 0.0 -0.05977403882000005 0.20052718723403942 
-0.018940309102222268 1611701103303 -98.39264053707312 0 0.0 -0.07234040922000001 -0.3064968390243895 
-0.018940309102222268 1611701103342 -42.374449035384316 0 0.0 -0.06291563141999992 0.24166096923077188 
-0.018940309102222268 1611701103367 -118.2076611799998 0 0.0 -0.0754820018199999 -0.5026548159999988 
-0.018940309102222268 1611701103403 -64.92276002555587 0 0.0 -0.07234040922000001 0.08726646111110745 
-0.018940309102222268 1611701103452 -45.61193884539675 0 0.0 -0.06256656557555554 0.19946619682539743 
-0.018940309102222268 1611701103487 -106.8480612707933 0 0.0 -0.0754820018199999 -0.3690124641269812 
-0.018940309102222268 1611701103532 -48.254865953333635 0 0.0 -0.06605722402000003 0.20943950666666342 
-0.018940309102222268 1611701103587 -81.16225510686824 0 0.0 -0.0719913433755554 -0.10789307919191572 
-0.018940309102222268 1611701103625 -53.34847149923973 0 0.0 -0.06623175694222211 0.15156806403508677 
-0.018940309102222268 1611701103647 -81.51132095131358 0 0.0 -0.06937334954222221 -0.14279966363636898 
-0.018940309102222268 1611701103684 -79.15662739867874 0 0.0 -0.07234040922000001 -0.0801908021021027 
-0.018940309102222268 1611701103723 -52.91802761885998 0 0.0 -0.06623175694222211 0.15663210968661329 
-0.018940309102222268 1611701103769 -74.68142689415453 0 0.0 -0.06919881661999991 -0.06450129734299566 
-0.018940309102222268 1611701103801 -69.83695261687525 0 0.0 -0.06937334954222221 -0.005454153819447419 
-0.018940309102222268 1611701103831 -79.40899256999941 0 0.0 -0.0719913433755554 -0.08726646111110598 
-0.018940309102222268 1611701103884 -72.90023180071309 0 0.0 -0.07234040922000001 -0.006586148008389075 
-0.018940309102222268 1611701103925 -62.68575879073137 0 0.0 -0.06919881661999991 0.07662420975610043 
-0.018940309102222268 1611701103965 -79.01629349500027 0 0.0 -0.07234040922000001 -0.07853981500000294 
-0.018940309102222268 1611701104019 -72.34040922000001 0 0.0 -0.07234040922000001 0.0 
-0.018940309102222268 1611701104059 -72.34040922000001 0 0.0 -0.07234040922000001 0.0 
-0.018940309102222268 1611701104104 -62.256284824938156 0 0.0 -0.06884975077555552 0.07757018765432197 
-0.018940309102222268 1611701104130 -56.92780962683782 0 0.0 -0.06605722402000003 0.10740487521367295 
-0.018940309102222268 1611701104160 -54.683495255185086 0 0.0 -0.06309016434222223 0.09890198925926047 
-0.018940309102222268 1611701104204 -61.555067958131275 0 0.0 -0.06256656557555554 0.011899971969697153 
-0.018940309102222268 1611701104253 -54.452565640408054 0 0.0 -0.05959950589777773 0.0605522383219962 
-0.018940309102222268 1611701104287 -48.60393179777732 0 0.0 -0.056457913297777614 0.09239978235294463 
-0.018940309102222268 1611701104327 -47.731267186666685 0 0.0 -0.05366538654222212 0.06981316888888742 
-0.018940309102222268 1611701104367 -53.665386542222116 0 0.0 -0.05366538654222212 0.0 
-0.018940309102222268 1611701104411 -53.665386542222116 0 0.0 -0.05366538654222212 0.0 
-0.018940309102222268 1611701104453 -53.13763222978873 0 0.0 -0.05349085362000005 0.004155545767192086 
-0.018940309102222268 1611701104499 -53.9878930289368 0 0.0 -0.05366538654222212 -0.003794193961349296 
-0.018940309102222268 1611701104540 -111.59328911783179 0 0.0 -0.0725149421422221 -0.4597452585365846 
-0.018940309102222268 1611701104583 -81.3471197877002 0 0.0 -0.0754820018199999 -0.06900138785529769 
-0.018940309102222268 1611701104618 -54.53805115333359 0 0.0 -0.06937334954222221 0.17453292222221908 
-0.018940309102222268 1611701104657 -68.81842435361793 0 0.0 -0.06919881661999991 0.004475203133905575 
-0.018940309102222268 1611701104688 -45.68754296838706 0 0.0 -0.06291563141999992 0.20268339354838663 
-0.018940309102222268 1611701104729 -62.915631419999926 0 0.0 -0.06291563141999992 0.0 
-0.018940309102222268 1611701104770 -43.60633056146334 0 0.0 -0.05663244621999992 0.1532484195121951 
-0.018940309102222268 1611701104807 -56.05695928726692 0 0.0 -0.056457913297777614 0.004717106006008204 
-0.018940309102222268 1611701104854 -38.81152082118187 0 0.0 -0.050174728097777614 0.1336847914893617 
-0.018940309102222268 1611701104876 -34.04629942151517 0 0.0 -0.04685860257555543 0.1507329782828266 
-0.018940309102222268 1611701104921 -38.28709683975289 0 0.0 -0.04389154289777763 0.06593465950617335 
-0.018940309102222268 1611701104962 -34.236892468509765 0 0.0 -0.04074995029777777 0.07662420975609416 
-0.018940309102222268 1611701105001 -30.206371714302126 0 0.0 -0.03743382477555559 0.08502885954415842 
-0.018940309102222268 1611701105034 -14.966677696767714 0 0.0 -0.03115063957555559 0.19039955151515148 
-0.018940309102222268 1611701105073 -21.16198618068342 0 0.0 -0.028009046975555472 0.08055365641025942 
-0.018940309102222268 1611701105112 -28.00904697555547 0 0.0 -0.028009046975555472 0.0 
-0.018940309102222268 1611701105166 -28.458307645720307 0 0.0 -0.028183579897777783 -0.003232091152265009 
-0.018940309102222268 1611701105206 -27.63816451583306 0 0.0 -0.028009046975555472 0.004363323055557762 
-0.018940309102222268 1611701105251 -28.00904697555547 0 0.0 -0.028009046975555472 0.0 
-0.018940309102222268 1611701105276 -42.599999273333054 0 0.0 -0.03132517249777765 -0.13264502088888713 
-0.018940309102222268 1611701105328 -23.508111423632272 0 0.0 -0.028358112819999844 0.057058839957265524 
-0.018940309102222268 1611701105354 -28.358112819999842 0 0.0 -0.028358112819999844 0.0 
-0.018940309102222268 1611701105397 -19.00639531302349 0 0.0 -0.025216520219999976 0.07306029302325275 
-0.018940309102222268 1611701105441 -14.982544326060431 0 0.0 -0.02172586177555548 0.07933314646464763 
-0.018940309102222268 1611701105481 -21.72586177555548 0 0.0 -0.02172586177555548 0.0 
-0.018940309102222268 1611701105514 -33.58352273380451 0 0.0 -0.025041987297777665 -0.10048865218855106 
-0.018940309102222268 1611701105561 -24.55180972898377 0 0.0 -0.024867454375555598 0.003713466430256758 
-0.018940309102222268 1611701105607 -25.364493784492357 0 0.0 -0.025041987297777665 -0.003794193961349296 
-0.018940309102222268 1611701105661 -33.12867936074093 0 0.0 -0.028183579897777783 -0.05817764074074292 
-0.018940309102222268 1611701105696 -28.183579897777783 0 0.0 -0.028183579897777783 0.0 
-0.018940309102222268 1611701105730 -39.17915399777732 0 0.0 -0.03132517249777765 -0.09239978235293728 
-0.018940309102222268 1611701105755 -31.32517249777765 0 0.0 -0.03132517249777765 0.0 
-0.018940309102222268 1611701105788 -20.091598958384182 0 0.0 -0.028183579897777783 0.09519977575757174 
-0.018940309102222268 1611701105823 -27.585181307301287 0 0.0 -0.028009046975555472 0.004986654920637442 
-0.018940309102222268 1611701105856 -28.633134394411005 0 0.0 -0.028183579897777783 -0.005288876430979105 
-0.018940309102222268 1611701105892 -28.77020444191304 0 0.0 -0.028358112819999844 -0.004848136728390575 
-0.018940309102222268 1611701105925 -28.358112819999842 0 0.0 -0.028358112819999844 0.0 
-0.018940309102222268 1611701105969 -27.33471523060612 0 0.0 -0.028009046975555472 0.00793331464646298 
-0.018940309102222268 1611701106004 -17.237872346984474 0 0.0 -0.024867454375555598 0.08975978857142498 
-0.018940309102222268 1611701106041 -24.867454375555596 0 0.0 -0.024867454375555598 0.0 
-0.018940309102222268 1611701106077 -25.454078919690883 0 0.0 -0.025041987297777665 -0.004848136728390767 
-0.018940309102222268 1611701106126 -24.564693183945888 0 0.0 -0.024867454375555598 0.003561896371878931 
-0.018940309102222268 1611701106165 -24.867454375555596 0 0.0 -0.024867454375555598 0.0 
-0.018940309102222268 1611701106202 -25.44294130828782 0 0.0 -0.025041987297777665 -0.004717106006001828 
-0.018940309102222268 1611701106246 -25.041987297777666 0 0.0 -0.025041987297777665 0.0 
-0.018940309102222268 1611701106292 -25.041987297777666 0 0.0 -0.025041987297777665 0.0 
-0.018940309102222268 1611701106335 -33.874164943255785 0 0.0 -0.028009046975555472 -0.06900138785529784 
-0.018940309102222268 1611701106362 -28.733035393662835 0 0.0 -0.028183579897777783 -0.006464182304530018 
-0.018940309102222268 1611701106408 -28.183579897777783 0 0.0 -0.028183579897777783 0.0 
-0.018940309102222268 1611701106445 -28.759066830509983 0 0.0 -0.028358112819999844 -0.004717106006001641 
-0.018940309102222268 1611701106480 -39.12928744857165 0 0.0 -0.031499705419999954 -0.08975978857143173 
-0.018940309102222268 1611701106507 -31.499705419999955 0 0.0 -0.031499705419999954 0.0 
-0.018940309102222268 1611701106540 -31.499705419999955 0 0.0 -0.031499705419999954 0.0 
-0.018940309102222268 1611701106572 -31.499705419999955 0 0.0 -0.031499705419999954 0.0 
-0.018940309102222268 1611701106614 -31.499705419999955 0 0.0 -0.031499705419999954 0.0 
-0.018940309102222268 1611701106651 -30.924218487266952 0 0.0 -0.03132517249777765 0.004717106006008204 
-0.018940309102222268 1611701106700 -39.91646654675756 0 0.0 -0.03446676509777777 -0.06411413469387994 
-0.018940309102222268 1611701106738 -24.862861403918004 0 0.0 -0.031499705419999954 0.07808051783625827 
-0.018940309102222268 1611701106782 -30.988006625302745 0 0.0 -0.03132517249777765 0.003966657323234171 
-0.018940309102222268 1611701106809 -31.32517249777765 0 0.0 -0.03132517249777765 0.0 
-0.018940309102222268 1611701106843 -31.936037725555714 0 0.0 -0.031499705419999954 -0.0051333212418324566 
-0.018940309102222268 1611701106879 -30.913080875863876 0 0.0 -0.03132517249777765 0.004848136728397321 
-0.018940309102222268 1611701106918 -41.31382589264982 0 0.0 -0.03446676509777777 -0.08055365641025942 
-0.018940309102222268 1611701106955 -34.46676509777777 0 0.0 -0.03446676509777777 0.0 
-0.018940309102222268 1611701107005 -34.46676509777777 0 0.0 -0.03446676509777777 0.0 
-0.018940309102222268 1611701107051 -34.46676509777777 0 0.0 -0.03446676509777777 0.0 
-0.018940309102222268 1611701107096 -34.46676509777777 0 0.0 -0.03446676509777777 0.0 
-0.018940309102222268 1611701107142 -42.91643504971026 0 0.0 -0.03743382477555559 -0.06450129734299612 
-0.018940309102222268 1611701107192 -36.96258588555531 0 0.0 -0.037259291853333265 0.003490658444446487 
-0.018940309102222268 1611701107229 -27.47601399687673 0 0.0 -0.034292232175555465 0.0801908021021027 
-0.018940309102222268 1611701107263 -34.29223217555546 0 0.0 -0.034292232175555465 0.0 
-0.018940309102222268 1611701107296 -34.29223217555546 0 0.0 -0.034292232175555465 0.0 
-0.018940309102222268 1611701107347 -33.826811049629974 0 0.0 -0.034117699253333404 0.0034222141612168765 
-0.018940309102222268 1611701107387 -34.117699253333406 0 0.0 -0.034117699253333404 0.0 
-0.018940309102222268 1611701107425 -55.020313175262665 0 0.0 -0.04057541737555545 -0.1699399505847907 
-0.018940309102222268 1611701107465 -49.84747886861108 0 0.0 -0.04354247705333325 -0.074176491944445 
-0.018940309102222268 1611701107515 -59.09336042333317 0 0.0 -0.049302063486666554 -0.11519172866666608 
-0.018940309102222268 1611701107553 -59.470902691930135 0 0.0 -0.052443656086666686 -0.08267348947368768 
-0.018940309102222268 1611701107593 -92.25897896861056 0 0.0 -0.06518455940888873 -0.318522583055551 
-0.018940309102222268 1611701107632 -183.38362458153887 0 0.0 -0.10236007184222223 -0.9532182675213718 
-0.018940309102222268 1611701107668 -188.00725528604903 0 0.0 -0.12784187848666656 -0.7078279623456762 
-0.018940309102222268 1611701107704 -234.607545519383 0 0.0 -0.15960687033111112 -0.8823608845679046 
-0.018940309102222268 1611701107741 -220.03299826804792 0 0.0 -0.17793282716444442 -0.49529613063062966 
-0.018940309102222268 1611701107790 -149.29518033451268 0 0.0 -0.16746085183111117 0.21371378231292334 
-0.018940309102222268 1611701107825 -126.17134908825335 0 0.0 -0.15541808019777764 0.34407918952381517 
-0.018940309102222268 1611701107845 -155.41808019777764 0 0.0 -0.15541808019777764 0.0 
-0.018940309102222268 1611701107889 -180.49132113792962 0 0.0 -0.16397019338666668 -0.19436620883838737 
-0.018940309102222268 1611701107926 -279.64306686594534 0 0.0 -0.19905131075333315 -0.9481383072072019 
-0.018940309102222268 1611701107971 -264.0939131014817 0 0.0 -0.22156605771999996 -0.5003277103703735 
---------------------------------------
Time Duty_cycle X X_dot Theta Theta_dot
---------------------------------------
Time Duty_cycle X X_dot Theta Theta_dot
---------------------------------------
Time Duty_cycle X X_dot Theta Theta_dot
-0.018940309102222268 1611701126306 461.839415856389 0 0.0 -0.0028763061755555097 5.467243788611111 
-0.018940309102222268 1611701126367 4.225180922076619 0 0.0 9.075350222229744e-05 0.04864032258652143 
-0.018940309102222268 1611701126401 -32.28510356999998 0 0.0 -0.009159491375555499 -0.27206602581699396 
-0.018940309102222268 1611701126442 -18.814141804824164 0 0.0 -0.01230108397555562 -0.07662420975610051 
-0.018940309102222268 1611701126483 -21.955734404823506 0 0.0 -0.015442676575555488 -0.07662420975609434 
-0.018940309102222268 1611701126527 -33.863833184646374 0 0.0 -0.02172586177555548 -0.14279966363636348 
-0.018940309102222268 1611701126579 -21.2660346535467 0 0.0 -0.02155132885333317 0.003356402350429048 
-0.018940309102222268 1611701126640 -14.032107220546585 0 0.0 -0.018409736253333295 0.051501518032784833 
-0.018940309102222268 1611701126690 6.565924916666754 0 0.0 -0.009159491375555499 0.1850048975555559 
-0.018940309102222268 1611701126732 37.810642431058284 0 0.0 0.006373938702222288 0.3698435732804235 
-0.018940309102222268 1611701126792 51.92703140222221 0 0.0 0.025223494302222257 0.3141592599999995 
-0.018940309102222268 1611701126827 46.16744496888858 0 0.0 0.031332146579999935 0.1745329222222194 
-0.018940309102222268 1611701126888 31.332146579999936 0 0.0 0.031332146579999935 0.0 
-0.018940309102222268 1611701126918 19.958417815185953 0 0.0 0.028365086902222378 -0.09890198925925203 
-0.018940309102222268 1611701126967 11.182498804263222 0 0.0 0.022081901702222385 -0.12822826938775486 
-0.018940309102222268 1611701126995 -15.953808704920908 0 0.0 0.012657123902222279 -0.336599207142861 
-0.018940309102222268 1611701127043 -21.678592442453354 0 0.0 0.0002652864244446079 -0.2581632807870348 
-0.018940309102222268 1611701127066 -57.92247216686039 0 0.0 -0.012126551053333306 -0.5387755425120833 
-0.018940309102222268 1611701127105 -42.09251123794826 0 0.0 -0.02155132885333317 -0.24166096923076574 
-0.018940309102222268 1611701127126 -53.26645414857245 0 0.0 -0.027834514053333405 -0.2991992952381064 
-0.018940309102222268 1611701127157 -38.283969009605585 0 0.0 -0.0306270408088889 -0.0900815082437257 
-0.018940309102222268 1611701127190 -42.48470176713793 0 0.0 -0.03394316633111109 -0.10048865218855106 
-0.018940309102222268 1611701127240 -25.46086631111077 0 0.0 -0.03080157373111097 0.06283185200000235 
-0.018940309102222268 1611701127284 -12.89211591671731 0 0.0 -0.024692921453333287 0.13883300631312914 
-0.018940309102222268 1611701127314 22.809122211481103 0 0.0 -0.01230108397555562 0.4130612492592556 
-0.018940309102222268 1611701127347 21.39963664262659 0 0.0 -0.0028763061755555097 0.2855993272727306 
-0.018940309102222268 1611701127388 25.551275643956743 0 0.0 0.006373938702222288 0.22561572872628774 
-0.018940309102222268 1611701127421 40.074659320403605 0 0.0 0.01579871650222215 0.285599327272723 
-0.018940309102222268 1611701127478 47.104411182924466 0 0.0 0.028365086902222378 0.2204626385964952 
-0.018940309102222268 1611701127509 51.22326961906788 0 0.0 0.03447373918000005 0.1970532992831509 
-0.018940309102222268 1611701127540 23.371193288960516 0 0.0 0.031506679502222246 -0.09571160250896152 
-0.018940309102222268 1611701127573 30.882592083366713 0 0.0 0.031332146579999935 -0.005288876430979105 
-0.018940309102222268 1611701127619 22.88247662806819 0 0.0 0.028365086902222378 -0.06450129734299045 
-0.018940309102222268 1611701127704 -9.334024297778056 0 0.0 0.00951553130222216 -0.22175947764706136 
-0.018940309102222268 1611701127757 -39.10999944368948 0 0.0 -0.009159491375555499 -0.3523589184486351 
-0.018940309102222268 1611701127792 -52.244189889841145 0 0.0 -0.02172586177555548 -0.3590391542857137 
-0.018940309102222268 1611701127819 -60.82123635333372 0 0.0 -0.03115063957555559 -0.34906584444444855 
-0.018940309102222268 1611701127870 -56.283380375555225 0 0.0 -0.04057541737555545 -0.18479956470587963 
-0.018940309102222268 1611701127910 -40.57541737555545 0 0.0 -0.04057541737555545 0.0 
-0.018940309102222268 1611701127940 -27.194560005184854 0 0.0 -0.03708475893111095 0.11635528148148343 
-0.018940309102222268 1611701127961 -6.250609338518945 0 0.0 -0.030976106653333287 0.2908882037036981 
-0.018940309102222268 1611701127998 0.10018771423466433 0 0.0 -0.02155132885333317 0.2547237243243275 
-0.018940309102222268 1611701128030 23.756326924791438 0 0.0 -0.009159491375555499 0.3872449211805522 
-0.018940309102222268 1611701128078 8.250167616111137 0 0.0 -0.0028763061755555097 0.13089969166666643 
-0.018940309102222268 1611701128126 48.86906916078676 0 0.0 0.01579871650222215 0.38906297245370125 
-0.018940309102222268 1611701128160 48.78543880222253 0 0.0 0.025223494302222257 0.2771993470588267 
-0.018940309102222268 1611701128201 63.305726551002415 0 0.0 0.03761533177999993 0.30223993848238223 
-0.018940309102222268 1611701128239 47.784170985263465 0 0.0 0.040756924380000045 0.08267348947368731 
-0.018940309102222268 1611701128280 50.9479442775609 0 0.0 0.04407304990222223 0.080881110298102 
-0.018940309102222268 1611701128312 31.94846596159737 0 0.0 0.040756924380000045 -0.10362892256944319 
-0.018940309102222268 1611701128370 33.0112736593101 0 0.0 0.03761533177999993 -0.05416538965517444 
-0.018940309102222268 1611701128396 -1.8760982751273119 0 0.0 0.028365086902222378 -0.35577864914529045 
-0.018940309102222268 1611701128428 5.392191014722414 0 0.0 0.022081901702222385 -0.19634953749999964 
-0.018940309102222268 1611701128458 -14.046413197778028 0 0.0 0.012657123902222279 -0.3141592600000036 
-0.018940309102222268 1611701128487 0.3074150608425015 0 0.0 0.00951553130222216 -0.10833077931034892 
-0.018940309102222268 1611701128534 -16.463879843876494 0 0.0 0.0002652864244446079 -0.19681372080377768 
-0.018940309102222268 1611701128570 -31.412438958889084 0 0.0 -0.009159491375555499 -0.2617993833333363 
-0.018940309102222268 1611701128603 -31.626638454343336 0 0.0 -0.015442676575555488 -0.19039955151515117 
-0.018940309102222268 1611701128646 -24.794394082532584 0 0.0 -0.018584269175555605 -0.07306029302325856 
-0.018940309102222268 1611701128664 -36.56116016444378 0 0.0 -0.02172586177555548 -0.17453292222221528 
-0.018940309102222268 1611701128692 -21.72586177555548 0 0.0 -0.02172586177555548 0.0 
-0.018940309102222268 1611701128729 -0.43284526444410076 0 0.0 -0.015268143653333177 0.1745329222222244 
-0.018940309102222268 1611701128749 15.885982963332484 0 0.0 -0.009334024297777813 0.2967059677777682 
-0.018940309102222268 1611701128802 -0.6995842587841974 0 0.0 -0.006017898775555627 0.06256840607966388 
-0.018940309102222268 1611701128847 57.007878693580174 0 0.0 0.01579871650222215 0.48481367283950616 
-0.018940309102222268 1611701128897 49.72791658222276 0 0.0 0.028365086902222378 0.2513274080000045 
-0.018940309102222268 1611701128924 119.5876275837032 0 0.0 0.050356235102222216 0.8144869703703644 
-0.018940309102222268 1611701128980 73.64703024091276 0 0.0 0.059606479980000016 0.16518294424603214 
-0.018940309102222268 1611701129036 106.62751922226224 0 0.0 0.07828150265777792 0.33348254781746256 
-0.018940309102222268 1611701129082 131.96175882299525 0 0.0 0.0971310582577779 0.4097729478260865 
-0.018940309102222268 1611701129123 107.32207815533877 0 0.0 0.10044718378000009 0.08088111029810208 
-0.018940309102222268 1611701129153 135.23741294296278 0 0.0 0.10952289573555557 0.30252373185184944 
-0.018940309102222268 1611701129190 100.31510481183204 0 0.0 0.10673036898000007 -0.07547369609609451 
-0.018940309102222268 1611701129226 116.11636168617271 0 0.0 0.10952289573555557 0.07757018765431936 
-0.018940309102222268 1611701129264 91.44495937064367 0 0.0 0.10393784222444458 -0.14697509239765771 
-0.018940309102222268 1611701129309 84.2737996540742 0 0.0 0.0971310582577779 -0.1512618659259261 
-0.018940309102222268 1611701129367 67.00908323287355 0 0.0 0.08491375370222229 -0.21064318199233817 
-0.018940309102222268 1611701129402 40.63225800698453 0 0.0 0.07199831745777793 -0.3690124641269812 
-0.018940309102222268 1611701129446 17.246546425201778 0 0.0 0.05332329478000002 -0.42443233358586174 
-0.018940309102222268 1611701129493 9.697491157304967 0 0.0 0.03778986470222224 -0.33049851229314436 
-0.018940309102222268 1611701129534 -77.52957098070412 0 0.0 0.0002652864244446079 -0.9152336165311616 
-0.018940309102222268 1611701129564 -84.03411500888906 0 0.0 -0.02172586177555548 -0.7330382733333363 
-0.018940309102222268 1611701129600 -74.52207074777807 0 0.0 -0.03743382477555559 -0.43633230555555863 
-0.018940309102222268 1611701129645 -90.87968406938285 0 0.0 -0.055934314531111175 -0.4111219945679019 
-0.018940309102222268 1611701129705 -108.23601355703688 0 0.0 -0.07757639688666665 -0.3607013725925911 
-0.018940309102222268 1611701129757 -111.14377679329074 0 0.0 -0.09031730020888892 -0.24501737158119785 
-0.018940309102222268 1611701129811 -106.49068433481482 0 0.0 -0.09660048540888891 -0.11635528148148122 
-0.018940309102222268 1611701129859 -105.78891654337954 0 0.0 -0.0999166109311111 -0.06908594837962886 
-0.018940309102222268 1611701129878 3.259903932046626 0 0.0 -0.08106705533111114 0.992081873684209 
-0.018940309102222268 1611701129907 -55.68154271272 0 0.0 -0.07460933720888882 0.22267993524904492 
-0.018940309102222268 1611701129956 -32.607455191655504 0 0.0 -0.05925044005333336 0.31344688072562177 
-0.018940309102222268 1611701129984 4.142410625238512 0 0.0 -0.04354247705333325 0.5609986785714325 
-0.018940309102222268 1611701130021 7.675859959879965 0 0.0 -0.028009046975555472 0.41982243453453455 
-0.018940309102222268 1611701130060 31.922873393675218 0 0.0 -0.009159491375555499 0.4833219384615378 
-0.018940309102222268 1611701130116 45.77162923456355 0 0.0 0.012657123902222279 0.38958241567460317 
-0.018940309102222268 1611701130147 106.04912757390639 0 0.0 0.03761533177999993 0.8051034799283112 
-0.018940309102222268 1611701130205 91.83488682482773 0 0.0 0.059606479980000016 0.3791577275862084 
-0.018940309102222268 1611701130263 121.57168574551712 0 0.0 0.08473922077999996 0.4333231172413784 
-0.018940309102222268 1611701130307 103.6720761837881 0 0.0 0.09119693890222227 0.14676632095959813 
-0.018940309102222268 1611701130341 135.7901005300003 0 0.0 0.10393784222444458 0.37473245065359667 
-0.018940309102222268 1611701130375 102.10524654111117 0 0.0 0.10341424345777789 -0.01539996372549084 
-0.018940309102222268 1611701130406 117.12915308788499 0 0.0 0.10707943482444443 0.11823197956988891 
-0.018940309102222268 1611701130445 115.95823784210806 0 0.0 0.10987196157999993 0.07160325014244863 
-0.018940309102222268 1611701130493 93.42950586564862 0 0.0 0.10393784222444458 -0.12362748657407009 
-0.018940309102222268 1611701130551 103.07721436658971 0 0.0 0.10358877637999994 -0.006018376628355533 
-0.018940309102222268 1611701130617 53.675005062659864 0 0.0 0.08177216110222216 -0.33055477693602703 
-0.018940309102222268 1611701130661 7.575835871162141 0 0.0 0.05646488738000014 -0.5751653118686824 
-0.018940309102222268 1611701130690 7.7521469501145575 0 0.0 0.04407304990222223 -0.4273047406130315 
-0.018940309102222268 1611701130733 -2.6855376326610525 0 0.0 0.028365086902222378 -0.36530146511627565 
-0.018940309102222268 1611701130800 -64.28845007688223 0 0.0 -0.01247561689777768 -0.609562743283583 
-0.018940309102222268 1611701130831 -104.56143869992798 0 0.0 -0.03708475893111095 -0.7938432913978474 
-0.018940309102222268 1611701130877 -101.20284268400982 0 0.0 -0.05959950589777773 -0.4894510210144953 
-0.018940309102222268 1611701130914 -100.4590781218014 0 0.0 -0.0719913433755554 -0.33491452642642344 
-0.018940309102222268 1611701130954 -119.44248160472232 0 0.0 -0.08717570760888882 -0.37960910583333535 
-0.018940309102222268 1611701130984 -100.55656497925929 0 0.0 -0.09066636605333328 -0.1163552814814825 
-0.018940309102222268 1611701131019 -100.24074350095219 0 0.0 -0.0934588928088888 -0.07978647873015744 
-0.018940309102222268 1611701131075 -85.54881144103199 0 0.0 -0.09031730020888892 0.056099867857140495 
-0.018940309102222268 1611701131110 -46.6342031041268 0 0.0 -0.07757639688666665 0.3640258092063511 
-0.018940309102222268 1611701131171 -56.27193559377025 0 0.0 -0.06867521785333322 0.1459209677595644 
-0.018940309102222268 1611701131216 12.501983526913655 0 0.0 -0.04057541737555545 0.6244400106172836 
-0.018940309102222268 1611701131239 48.75508525053178 0 0.0 -0.02155132885333317 0.8271342835748818 
-0.018940309102222268 1611701131275 30.65825557475246 0 0.0 -0.006017898775555627 0.43148416882715396 
-0.018940309102222268 1611701131313 54.43020094462023 0 0.0 0.012657123902222279 0.49144796520468176 
-0.018940309102222268 1611701131352 111.98873266233656 0 0.0 0.04389851698000016 0.8010613609686636 
-0.018940309102222268 1611701131389 106.05110571513521 0 0.0 0.06274807258000013 0.5094474486486479 
-0.018940309102222268 1611701131420 121.52625670903186 0 0.0 0.07845603557999999 0.506708483870963 
-0.018940309102222268 1611701131461 137.45667709219558 0 0.0 0.09765465702444459 0.46825905962059994 
-0.018940309102222268 1611701131494 153.82252472141369 0 0.0 0.11336262002444442 0.4759988787878739 
-0.018940309102222268 1611701131521 151.7340061841153 0 0.0 0.12261286490222223 0.3426016621399185 
-0.018940309102222268 1611701131584 137.37336346730157 0 0.0 0.12889605010222221 0.0997330984126984 
-0.018940309102222268 1611701131625 207.74236194124654 0 0.0 0.15455238966888887 0.6257643796747961 
-0.018940309102222268 1611701131662 185.6286840364568 0 0.0 0.163977167468889 0.2547237243243275 
-0.018940309102222268 1611701131694 -90.63909528423663 0 0.0 0.09433853150222216 -2.1762073739583387 
-0.018940309102222268 1611701131765 -133.44905588932707 0 0.0 -0.009334024297777813 -1.4601768422535206 
-0.018940309102222268 1611701131812 -158.8381827800472 0 0.0 -0.06256656557555554 -1.1326072612293134 
-0.018940309102222268 1611701131855 -320.7778767404134 0 0.0 -0.14930942791999996 -2.0172758684754517 
-0.018940309102222268 1611701131897 -423.7416703856086 0 0.0 -0.24006654747555556 -2.1608837989418 
---------------------------------------
Time Duty_cycle X X_dot Theta Theta_dot
---------------------------------------
Time Duty_cycle X X_dot Theta Theta_dot
-0.018940309102222268 1611701144143 469.55025907566414 0 0.0 -0.009159491375555499 5.631879417073172 
-0.018940309102222268 1611701144169 -35.983858960170835 0 0.0 -0.015442676575555488 -0.24166096923076882 
-0.018940309102222268 1611701144214 -6.366964620000314 0 0.0 -0.01230108397555562 0.06981316888888596 
-0.018940309102222268 1611701144257 -38.79761691198925 0 0.0 -0.02120226300888879 -0.20700416356588772 
-0.018940309102222268 1611701144289 -12.906495049514088 0 0.0 -0.018933335019999983 0.07090399965277525 
-0.018940309102222268 1611701144321 -29.143510969999767 0 0.0 -0.02172586177555548 -0.08726646111110926 
-0.018940309102222268 1611701144350 27.672973589961686 0 0.0 -0.009159491375555499 0.4333231172413786 
-0.018940309102222268 1611701144387 -18.94276923201205 0 0.0 -0.012126551053333306 -0.0801908021021029 
-0.018940309102222268 1611701144422 19.58857424190485 0 0.0 -0.0028763061755555097 0.2642927107936513 
-0.018940309102222268 1611701144463 6.778344253713144 0 0.0 0.0002652864244446079 0.07662420975610043 
-0.018940309102222268 1611701144509 26.60837509811546 0 0.0 0.00951553130222216 0.2010922799516859 
-0.018940309102222268 1611701144563 9.51553130222216 0 0.0 0.00951553130222216 0.0 
-0.018940309102222268 1611701144604 -0.13911912704573748 0 0.0 0.006373938702222288 -0.07662420975609442 
-0.018940309102222268 1611701144638 -26.001918370000002 0 0.0 -0.0028763061755555097 -0.272066025816994 
-0.018940309102222268 1611701144686 -11.58113567138917 0 0.0 -0.006017898775555627 -0.06544984583333578 
-0.018940309102222268 1611701144729 -24.721333789509096 0 0.0 -0.01230108397555562 -0.14612058604651146 
-0.018940309102222268 1611701144766 -12.30108397555562 0 0.0 -0.01230108397555562 0.0 
-0.018940309102222268 1611701144797 -11.64799304078825 0 0.0 -0.012126551053333306 0.005630094265235934 
-0.018940309102222268 1611701144833 -2.1539338030245645 0 0.0 -0.009159491375555499 0.08241832438271687 
-0.018940309102222268 1611701144859 4.2526924167516444 0 0.0 -0.006017898775555627 0.12083048461537967 
-0.018940309102222268 1611701144904 -6.0178987755556275 0 0.0 -0.006017898775555627 0.0 
-0.018940309102222268 1611701144933 30.345132812950194 0 0.0 0.0032323461022221688 0.31897396130268263 
-0.018940309102222268 1611701144973 22.86729985222214 0 0.0 0.00951553130222216 0.15707962999999978 
-0.018940309102222268 1611701145007 31.50667950222212 0 0.0 0.01579871650222215 0.18479956470588202 
-0.018940309102222268 1611701145059 15.79871650222215 0 0.0 0.01579871650222215 0.0 
-0.018940309102222268 1611701145077 -2.178174486666 0 0.0 0.012657123902222279 -0.17453292222221506 
-0.018940309102222268 1611701145116 2.668470507350106 0 0.0 0.00951553130222216 -0.08055365641025945 
-0.018940309102222268 1611701145157 0.3972503412472159 0 0.0 0.006548471624444599 -0.07236730921408685 
-0.018940309102222268 1611701145211 -9.624912501481303 0 0.0 0.0002652864244446079 -0.1163552814814813 
-0.018940309102222268 1611701145253 -9.23429119936527 0 0.0 -0.0028763061755555097 -0.0747998238095266 
-0.018940309102222268 1611701145314 -47.991635972276754 0 0.0 -0.02172586177555548 -0.30900910819672084 
-0.018940309102222268 1611701145355 -2.41656091701892 0 0.0 -0.015442676575555488 0.15324841951219492 
-0.018940309102222268 1611701145405 -23.924976595555805 0 0.0 -0.018584269175555605 -0.06283185200000235 
-0.018940309102222268 1611701145449 -0.6748113611612343 0 0.0 -0.01247561689777768 0.13883300631313467 
-0.018940309102222268 1611701145478 25.25960456199223 0 0.0 -0.0028763061755555097 0.3310107145593852 
-0.018940309102222268 1611701145520 15.595094759629374 0 0.0 0.0032323461022221688 0.14544410185184947 
-0.018940309102222268 1611701145550 39.36066100222259 0 0.0 0.012657123902222279 0.31415926000000366 
-0.018940309102222268 1611701145597 47.94990885541371 0 0.0 0.025223494302222257 0.267369582978723 
-0.018940309102222268 1611701145646 16.632200253243017 0 0.0 0.022081901702222385 -0.06411413469387492 
-0.018940309102222268 1611701145686 31.89937857722198 0 0.0 0.025223494302222257 0.07853981499999677 
-0.018940309102222268 1611701145734 16.518664806389282 0 0.0 0.022081901702222385 -0.06544984583333065 
-0.018940309102222268 1611701145774 2.4469479522216453 0 0.0 0.01579871650222215 -0.15707963000000594 
-0.018940309102222268 1611701145816 6.299138878413017 0 0.0 0.012657123902222279 -0.07479982380952073 
-0.018940309102222268 1611701145843 -0.37466762370413953 0 0.0 0.00951553130222216 -0.11635528148148587 
-0.018940309102222268 1611701145885 -37.45460250439162 0 0.0 -0.006017898775555627 -0.3698435732804235 
-0.018940309102222268 1611701145932 -15.331272582647722 0 0.0 -0.009334024297777813 -0.07055586217494011 
-0.018940309102222268 1611701146000 -37.21565862277756 0 0.0 -0.02172586177555548 -0.18223290408496567 
-0.018940309102222268 1611701146041 -12.071211346287573 0 0.0 -0.018584269175555605 0.0766242097560945 
-0.018940309102222268 1611701146087 -0.6908504538165161 0 0.0 -0.01230108397555562 0.13659098260869534 
-0.018940309102222268 1611701146129 -12.30108397555562 0 0.0 -0.01230108397555562 0.0 
-0.018940309102222268 1611701146167 48.14701574462025 0 0.0 0.006373938702222288 0.49144796520468187 
-0.018940309102222268 1611701146200 40.074659320403605 0 0.0 0.01579871650222215 0.285599327272723 
-0.018940309102222268 1611701146225 57.26773882222262 0 0.0 0.025223494302222257 0.3769911120000043 
-0.018940309102222268 1611701146262 66.65855345897896 0 0.0 0.03778986470222224 0.33963163243243194 
-0.018940309102222268 1611701146281 54.9859505127492 0 0.0 0.040931457302222356 0.16534697894737463 
-0.018940309102222268 1611701146296 61.87540796888817 0 0.0 0.04407304990222223 0.2094395066666581 
-0.018940309102222268 1611701146344 61.48270889388886 0 0.0 0.050356235102222216 0.13089969166666643 
-0.018940309102222268 1611701146378 50.356235102222215 0 0.0 0.050356235102222216 0.0 
-0.018940309102222268 1611701146414 60.32885235253096 0 0.0 0.05332329478000002 0.08241832438271687 
-0.018940309102222268 1611701146445 41.56765795419407 0 0.0 0.050181702180000155 -0.10134169677418929 
-0.018940309102222268 1611701146470 -4.3423827222226805 0 0.0 0.03778986470222224 -0.4956734991111167 
-0.018940309102222268 1611701146503 26.556291162828757 0 0.0 0.03464827210222236 -0.09519977575757185 
-0.018940309102222268 1611701146538 -8.436426412063273 0 0.0 0.022081901702222385 -0.35903915428571365 
-0.018940309102222268 1611701146578 -7.370528922777952 0 0.0 0.012657123902222279 -0.2356194450000027 
-0.018940309102222268 1611701146622 -14.974611011414408 0 0.0 0.0032323461022221688 -0.21419949545454797 
-0.018940309102222268 1611701146663 -34.84988614655798 0 0.0 -0.009159491375555499 -0.3022399384823821 
-0.018940309102222268 1611701146724 -31.71715627391641 0 0.0 -0.018584269175555605 -0.15450455409836242 
-0.018940309102222268 1611701146767 -18.584269175555605 0 0.0 -0.018584269175555605 0.0 
-0.018940309102222268 1611701146806 -18.584269175555605 0 0.0 -0.018584269175555605 0.0 
-0.018940309102222268 1611701146830 -4.316202783888405 0 0.0 -0.015442676575555488 0.13089969166667156 
-0.018940309102222268 1611701146865 16.272448719682668 0 0.0 -0.0061924316977776915 0.2642927107936513 
-0.018940309102222268 1611701146881 73.13278145222218 0 0.0 0.006373938702222288 0.7853981499999987 
-0.018940309102222268 1611701146915 -4.62163539777813 0 0.0 0.0032323461022221688 -0.09239978235294469 
-0.018940309102222268 1611701146993 55.75333008170978 0 0.0 0.028365086902222378 0.32221462564102826 
-0.018940309102222268 1611701147038 82.81935863555563 0 0.0 0.04721464250222235 0.4188790133333327 
-0.018940309102222268 1611701147065 72.55423713596679 0 0.0 0.05332329478000002 0.22624638065843242 
-0.018940309102222268 1611701147092 104.72647246559731 0 0.0 0.06571513225777795 0.4589569436214043 
-0.018940309102222268 1611701147124 112.93719602652764 0 0.0 0.0786305685022223 0.40360738263888635 
-0.018940309102222268 1611701147167 87.98228600919863 0 0.0 0.08177216110222216 0.07306029302325258 
-0.018940309102222268 1611701147211 109.40389601585886 0 0.0 0.09119693890222227 0.21419949545454814 
-0.018940309102222268 1611701147258 100.02013514051978 0 0.0 0.09433853150222216 0.06684239574467804 
-0.018940309102222268 1611701147329 80.53322317546159 0 0.0 0.08805534630222214 -0.0884955661971831 
-0.018940309102222268 1611701147379 62.60844624222256 0 0.0 0.0786305685022223 -0.18849555599999693 
-0.018940309102222268 1611701147414 14.003520730793824 0 0.0 0.059781012902222326 -0.5385587314285707 
-0.018940309102222268 1611701147438 16.976813727221824 0 0.0 0.050356235102222216 -0.39269907500000456 
-0.018940309102222268 1611701147482 13.51392188404046 0 0.0 0.03778986470222224 -0.2855993272727268 
-0.018940309102222268 1611701147510 -50.96012624777812 0 0.0 0.01579871650222215 -0.7853981500000031 
-0.018940309102222268 1611701147535 -53.3163206977772 0 0.0 9.075350222229744e-05 -0.6283185199999941 
-0.018940309102222268 1611701147597 -51.63573755960566 0 0.0 -0.02172586177555548 -0.35188089157706093 
-0.018940309102222268 1611701147642 -67.10442155333358 0 0.0 -0.03743382477555559 -0.3490658444444469 
-0.018940309102222268 1611701147686 -92.18559580813098 0 0.0 -0.05610884745333324 -0.42443233358585575 
-0.018940309102222268 1611701147724 -75.8815903524565 0 0.0 -0.06221749973111116 -0.1607540073099452 
-0.018940309102222268 1611701147754 -38.13195646444455 0 0.0 -0.055934314531111175 0.2094395066666662 
-0.018940309102222268 1611701147807 -47.75431870469578 0 0.0 -0.05279272193111106 0.05927533207547392 
-0.018940309102222268 1611701147850 2.798043249250327 0 0.0 -0.034117699253333404 0.43430285297157334 
-0.018940309102222268 1611701147891 -14.808398394796821 0 0.0 -0.027834514053333405 0.1532484195121951 
-0.018940309102222268 1611701147935 36.1278352837878 0 0.0 -0.006017898775555627 0.4958321654040404 
-0.018940309102222268 1611701147970 90.32427429111183 0 0.0 0.022081901702222385 0.8028514422222288 
-0.018940309102222268 1611701148007 42.79943128060073 0 0.0 0.028365086902222378 0.16981581621621591 
-0.018940309102222268 1611701148033 121.50525212658135 0 0.0 0.050181702180000155 0.8391005876068376 
-0.018940309102222268 1611701148065 120.37666183624975 0 0.0 0.06938032362444449 0.5999569201388855 
-0.018940309102222268 1611701148102 89.52236627008986 0 0.0 0.07548897590222219 0.165098710210208 
-0.018940309102222268 1611701148141 115.44358948170925 0 0.0 0.08805534630222214 0.3222146256410247 
-0.018940309102222268 1611701148178 119.1316406697901 0 0.0 0.09748012410222226 0.2547237243243275 
-0.018940309102222268 1611701148234 120.7709192409128 0 0.0 0.10673036898000007 0.16518294424603214 
-0.018940309102222268 1611701148273 126.70767576974362 0 0.0 0.11301355418000006 0.16110731282051244 
-0.018940309102222268 1611701148341 113.01355418000006 0 0.0 0.11301355418000006 0.0 
-0.018940309102222268 1611701148374 90.54640710121224 0 0.0 0.10673036898000007 -0.19039955151515106 
-0.018940309102222268 1611701148409 84.58962113238074 0 0.0 0.10027265085777776 -0.18450623206349434 
-0.018940309102222268 1611701148440 100.27265085777776 0 0.0 0.10027265085777776 0.0 
-0.018940309102222268 1611701148494 76.91109600921827 0 0.0 0.09119693890222227 -0.1680687399176941 
-0.018940309102222268 1611701148544 23.33853874222239 0 0.0 0.06606419810222232 -0.5026548159999992 
-0.018940309102222268 1611701148572 2.6713474236504737 0 0.0 0.050356235102222216 -0.5609986785714323 
-0.018940309102222268 1611701148633 -2.2783163272855944 0 0.0 0.028365086902222378 -0.3605106262295055 
-0.018940309102222268 1611701148685 -62.220856133461986 0 0.0 -0.006017898775555627 -0.6612112630341924 
-0.018940309102222268 1611701148718 -128.96312029003366 0 0.0 -0.04040088445333338 -1.0419086569023561 
-0.018940309102222268 1611701148757 -90.34415142769191 0 0.0 -0.05610884745333324 -0.40276828205127846 
-0.018940309102222268 1611701148819 -107.83533851516118 0 0.0 -0.077925462731111 -0.3518808915770608 
-0.018940309102222268 1611701148865 -122.16197012652167 0 0.0 -0.0934588928088888 -0.3376832625603866 
-0.018940309102222268 1611701148893 -118.11166807277831 0 0.0 -0.09956754508666674 -0.21816615277778328 
-0.018940309102222268 1611701148930 -100.71851895213194 0 0.0 -0.0999166109311111 -0.009434212012010033 
-0.018940309102222268 1611701148951 -115.77417357872949 0 0.0 -0.10305820353111098 -0.14959964761904132 
-0.018940309102222268 1611701149000 -94.46690948213173 0 0.0 -0.0999166109311111 0.06411413469387485 
-0.018940309102222268 1611701149035 -89.74383489301579 0 0.0 -0.0969495512533333 0.08477313365079428 
-0.018940309102222268 1611701149080 -60.646703431111135 0 0.0 -0.08438318085333332 0.2792526755555552 
-0.018940309102222268 1611701149123 -38.14413317994827 0 0.0 -0.06884975077555552 0.3612425599483206 
-0.018940309102222268 1611701149150 35.40458143185169 0 0.0 -0.043717009975555575 0.9308422518518502 
-0.018940309102222268 1611701149212 -6.473936411039205 0 0.0 -0.028009046975555472 0.2533542419354855 
-0.018940309102222268 1611701149228 189.03355011541663 0 0.0 0.006373938702222288 2.14893660486111 
-0.018940309102222268 1611701149270 63.371404445079335 0 0.0 0.025223494302222257 0.4487989428571421 
-0.018940309102222268 1611701149303 115.09208261737362 0 0.0 0.050356235102222216 0.7615982060606048 
-0.018940309102222268 1611701149332 100.44116540337191 0 0.0 0.0630971384244445 0.4393414938697343 
-0.018940309102222268 1611701149375 91.15229094537432 0 0.0 0.07252191622444437 0.21918087906976422 
-0.018940309102222268 1611701149426 139.54255835777826 0 0.0 0.09765465702444459 0.49279883921569045 
-0.018940309102222268 1611701149462 151.0374905408024 0 0.0 0.11353715294666675 0.4411804422839488 
-0.018940309102222268 1611701149499 134.254682525045 0 0.0 0.1198203381466667 0.16981581621621547 
-0.018940309102222268 1611701149551 144.65100273512795 0 0.0 0.1292451159466666 0.18124572692307464 
-0.018940309102222268 1611701149610 136.91273178395502 0 0.0 0.1323867085466667 0.053247332203391826 
-0.018940309102222268 1611701149647 143.8964472013215 0 0.0 0.1358773669911112 0.09434212012012132 
-0.018940309102222268 1611701149687 6.613921470277631 0 0.0 0.09451306442444446 -1.0341075641666686 
-0.018940309102222268 1611701149715 30.415848738333636 0 0.0 0.0786305685022223 -0.5672319972222196 
-0.018940309102222268 1611701149784 -158.98715198409042 0 0.0 -0.027834514053333405 -1.5429722109500825 
-0.018940309102222268 1611701149846 -43.97317926462317 0 0.0 -0.034641298019999836 -0.10978683817203921 
-0.018940309102222268 1611701149884 -428.96628497964923 0 0.0 -0.15646527773111102 -3.2058942029239788 
-0.018940309102222268 1611701149946 -331.9215354128318 0 0.0 -0.2304672367533334 -1.193579984229393 
---------------------------------------
Time Duty_cycle X X_dot Theta Theta_dot
---------------------------------------
Time Duty_cycle X X_dot Theta Theta_dot
---------------------------------------
Time Duty_cycle X X_dot Theta Theta_dot
-0.018940309102222268 1611701168294 739.6772435100414 0 0.0 0.003406879024444481 8.662004288065846 
-0.018940309102222268 1611701168310 2.305139952916135 0 0.0 0.0032323461022221688 -0.010908307638894513 
-0.018940309102222268 1611701168349 3.2323461022221687 0 0.0 0.0032323461022221688 0.0 
-0.018940309102222268 1611701168391 3.2323461022221687 0 0.0 0.0032323461022221688 0.0 
-0.018940309102222268 1611701168416 -23.645723919999615 0 0.0 -0.0028763061755555097 -0.24434609111110714 
-0.018940309102222268 1611701168448 -14.36275411930594 0 0.0 -0.006017898775555627 -0.09817476875000368 
-0.018940309102222268 1611701168481 -17.251472314949105 0 0.0 -0.009159491375555499 -0.09519977575757185 
-0.018940309102222268 1611701168516 -9.159491375555499 0 0.0 -0.009159491375555499 0.0 
-0.018940309102222268 1611701168541 -9.159491375555499 0 0.0 -0.009159491375555499 0.0 
-0.018940309102222268 1611701168591 -9.159491375555499 0 0.0 -0.009159491375555499 0.0 
-0.018940309102222268 1611701168620 15.539926307203078 0 0.0 -0.0028763061755555097 0.21666155862068925 
-0.018940309102222268 1611701168671 13.413433231851632 0 0.0 0.0032323461022221688 0.11977749564269959 
-0.018940309102222268 1611701168715 12.442924406767974 0 0.0 0.006373938702222288 0.07139983181818453 
-0.018940309102222268 1611701168756 16.028589131490186 0 0.0 0.00951553130222216 0.07662420975609442 
-0.018940309102222268 1611701168790 -12.475616897777808 0 0.0 0.0032323461022221688 -0.18479956470588207 
-0.018940309102222268 1611701168827 3.2323461022221687 0 0.0 0.0032323461022221688 0.0 
-0.018940309102222268 1611701168849 -11.198353239695969 0 0.0 0.0002652864244446079 -0.13486634898988914 
-0.018940309102222268 1611701168884 10.4380624625391 0 0.0 0.0032323461022221688 0.08477313365078744 
-0.018940309102222268 1611701168937 3.2323461022221687 0 0.0 0.0032323461022221688 0.0 
-0.018940309102222268 1611701168974 -7.126418686966597 0 0.0 9.075350222229744e-05 -0.08490790810810464 
-0.018940309102222268 1611701169021 0.5809310710168716 0 0.0 0.0002652864244446079 0.003713466430261925 
-0.018940309102222268 1611701169051 -24.489299710740877 0 0.0 -0.0061924316977776915 -0.21525727074074333 
-0.018940309102222268 1611701169086 -5.594033107302043 0 0.0 -0.006017898775555627 0.004986654920630404 
-0.018940309102222268 1611701169129 -15.36961628253199 0 0.0 -0.009159491375555499 -0.07306029302325283 
-0.018940309102222268 1611701169172 -0.32731373007737474 0 0.0 -0.0061924316977776915 0.06900138785529784 
-0.018940309102222268 1611701169205 5.665229260471323 0 0.0 -0.0028763061755555097 0.10048865218855096 
-0.018940309102222268 1611701169239 18.503976796666365 0 0.0 0.0032323461022221688 0.17966624346404936 
-0.018940309102222268 1611701169300 10.75156773500934 0 0.0 0.006373938702222288 0.051501518032788844 
-0.018940309102222268 1611701169352 -1.9029494939318732 0 0.0 0.0032323461022221688 -0.06041524230769461 
-0.018940309102222268 1611701169401 -4.88165383292463 0 0.0 0.0002652864244446079 -0.06055223832199103 
-0.018940309102222268 1611701169447 8.714956376376357 0 0.0 0.0032323461022221688 0.06450129734299045 
-0.018940309102222268 1611701169496 3.2323461022221687 0 0.0 0.0032323461022221688 0.0 
-0.018940309102222268 1611701169527 -7.870199788816445 0 0.0 0.0002652864244446079 -0.09571160250895358 
-0.018940309102222268 1611701169563 0.2652864244446079 0 0.0 0.0002652864244446079 0.0 
-0.018940309102222268 1611701169589 -13.146897367863586 0 0.0 -0.0028763061755555097 -0.12083048461538914 
-0.018940309102222268 1611701169625 -2.8763061755555097 0 0.0 -0.0028763061755555097 0.0 
-0.018940309102222268 1611701169690 -2.8763061755555097 0 0.0 -0.0028763061755555097 0.0 
-0.018940309102222268 1611701169716 10.535877616752684 0 0.0 0.0002652864244446079 0.12083048461538914 
-0.018940309102222268 1611701169745 0.2652864244446079 0 0.0 0.0002652864244446079 0.0 
-0.018940309102222268 1611701169784 9.699014630711725 0 0.0 0.0032323461022221688 0.07607845327634771 
-0.018940309102222268 1611701169806 3.2323461022221687 0 0.0 0.0032323461022221688 0.0 
-0.018940309102222268 1611701169841 3.2323461022221687 0 0.0 0.0032323461022221688 0.0 
-0.018940309102222268 1611701169883 -6.267231521586965 0 0.0 9.075350222229744e-05 -0.07479982380952074 
-0.018940309102222268 1611701169922 0.6456786908265666 0 0.0 0.0002652864244446079 0.004475203133905397 
-0.018940309102222268 1611701169961 0.2652864244446079 0 0.0 0.0002652864244446079 0.0 
-0.018940309102222268 1611701170003 -9.7620455117994 0 0.0 -0.00305083909777782 -0.07895536957672447 
-0.018940309102222268 1611701170067 -9.958524910104277 0 0.0 -0.006017898775555627 -0.046360307465278236 
-0.018940309102222268 1611701170116 -6.0178987755556275 0 0.0 -0.006017898775555627 0.0 
-0.018940309102222268 1611701170172 1.4527336274206366 0 0.0 -0.00305083909777782 0.05298320853174655 
-0.018940309102222268 1611701170232 -2.6290512024072363 0 0.0 -0.0028763061755555097 0.0029088820370385083 
-0.018940309102222268 1611701170272 6.941170699444858 0 0.0 0.0002652864244446079 0.07853981500000294 
-0.018940309102222268 1611701170311 0.2652864244446079 0 0.0 0.0002652864244446079 0.0 
-0.018940309102222268 1611701170340 11.928900330190881 0 0.0 0.0032323461022221688 0.10231240268198485 
-0.018940309102222268 1611701170404 3.2323461022221687 0 0.0 0.0032323461022221688 0.0 
-0.018940309102222268 1611701170449 -5.843365853333014 0 0.0 9.075350222229744e-05 -0.06981316888888603 
-0.018940309102222268 1611701170503 0.5400141723871337 0 0.0 0.0002652864244446079 0.003232091152265009 
-0.018940309102222268 1611701170536 -11.592374533805287 0 0.0 -0.00305083909777782 -0.10048865218855842 
-0.018940309102222268 1611701170592 -3.0508390977778204 0 0.0 -0.00305083909777782 0.0 
-0.018940309102222268 1611701170628 -13.023456348086562 0 0.0 -0.006017898775555627 -0.08241832438271687 
-0.018940309102222268 1611701170669 -6.554268243847825 0 0.0 -0.0061924316977776915 -0.004256900542001564 
-0.018940309102222268 1611701170702 5.665229260471323 0 0.0 -0.0028763061755555097 0.10048865218855096 
-0.018940309102222268 1611701170759 4.950117494620222 0 0.0 0.0002652864244446079 0.05511565964912487 
-0.018940309102222268 1611701170810 16.555025831851758 0 0.0 0.006373938702222288 0.11977749564269961 
-0.018940309102222268 1611701170867 14.200362372397406 0 0.0 0.00951553130222216 0.055115659649120546 
-0.018940309102222268 1611701170905 9.51553130222216 0 0.0 0.00951553130222216 0.0 
-0.018940309102222268 1611701170962 1.6891076320470422 0 0.0 0.006373938702222288 -0.055115659649120546 
-0.018940309102222268 1611701171021 -1.293677135066139 0 0.0 0.0032323461022221688 -0.05324733220339185 
-0.018940309102222268 1611701171067 -23.11074257144938 0 0.0 -0.006017898775555627 -0.2010922799516912 
-0.018940309102222268 1611701171118 -22.773059308888943 0 0.0 -0.01230108397555562 -0.12319970980392143 
-0.018940309102222268 1611701171170 -20.57797217170912 0 0.0 -0.015442676575555488 -0.06041524230768977 
-0.018940309102222268 1611701171213 -15.442676575555488 0 0.0 -0.015442676575555488 0.0 
-0.018940309102222268 1611701171249 -4.883434781111488 0 0.0 -0.01230108397555562 0.08726646111110745 
-0.018940309102222268 1611701171286 -1.9423191863660314 0 0.0 -0.009159491375555499 0.08490790810811139 
-0.018940309102222268 1611701171351 12.187227573162492 0 0.0 9.075350222229744e-05 0.14231145965811995 
-0.018940309102222268 1611701171412 22.64841840058262 0 0.0 0.00951553130222216 0.1545045540983584 
-0.018940309102222268 1611701171445 76.91697253858656 0 0.0 0.028365086902222378 0.571198654545461 
-0.018940309102222268 1611701171493 45.77474589388901 0 0.0 0.03464827210222236 0.13089969166666646 
-0.018940309102222268 1611701171517 48.916338493888446 0 0.0 0.03778986470222224 0.1308996916666613 
-0.018940309102222268 1611701171563 46.736574063092135 0 0.0 0.040931457302222356 0.06829549130435038 
-0.018940309102222268 1611701171591 27.548522158967558 0 0.0 0.03761533177999993 -0.11843305436508672 
-0.018940309102222268 1611701171635 19.70587396560627 0 0.0 0.031506679502222246 -0.13883300631312911 
-0.018940309102222268 1611701171655 15.013318352222925 0 0.0 0.028365086902222378 -0.15707962999999356 
-0.018940309102222268 1611701171687 -17.580704872778455 0 0.0 0.01579871650222215 -0.3926990750000071 
-0.018940309102222268 1611701171715 -9.558423769206376 0 0.0 0.00951553130222216 -0.22439947142857103 
-0.018940309102222268 1611701171746 -13.995742349390708 0 0.0 0.0032323461022221688 -0.2026833935483868 
-0.018940309102222268 1611701171775 -33.13068548628365 0 0.0 -0.006017898775555627 -0.31897396130268263 
-0.018940309102222268 1611701171824 -23.20048687351479 0 0.0 -0.01230108397555562 -0.12822826938775495 
-0.018940309102222268 1611701171846 -42.860211993737366 0 0.0 -0.018584269175555605 -0.28559932727272663 
-0.018940309102222268 1611701171885 -28.572922570427 0 0.0 -0.02172586177555548 -0.0805536564102532 
-0.018940309102222268 1611701171915 -9.01404727370377 0 0.0 -0.018409736253333295 0.11053751740740618 
-0.018940309102222268 1611701171954 -8.976008047065395 0 0.0 -0.015442676575555488 0.07607845327635403 
-0.018940309102222268 1611701172003 -6.851382526576258 0 0.0 -0.01230108397555562 0.06411413469387485 
-0.018940309102222268 1611701172083 19.736615559861068 0 0.0 0.0032323461022221688 0.19416787597222235 
-0.018940309102222268 1611701172129 83.75273035004848 0 0.0 0.031506679502222246 0.6146594217391322 
-0.018940309102222268 1611701172176 84.93603450080397 0 0.0 0.050530768024444526 0.4047678408983464 
-0.018940309102222268 1611701172229 99.15629877035617 0 0.0 0.06920579070222219 0.3523589184486351 
-0.018940309102222268 1611701172281 94.03645529068403 0 0.0 0.0786305685022223 0.1812457269230792 
-0.018940309102222268 1611701172326 105.85770436888852 0 0.0 0.08805534630222214 0.20943950666666325 
-0.018940309102222268 1611701172367 97.70999673149083 0 0.0 0.09119693890222227 0.07662420975610076 
-0.018940309102222268 1611701172398 67.68566525060939 0 0.0 0.08491375370222229 -0.20268339354838708 
-0.018940309102222268 1611701172454 77.00367233436484 0 0.0 0.08177216110222216 -0.05609986785714496 
-0.018940309102222268 1611701172498 45.953245473434876 0 0.0 0.06955485654666681 -0.2776660126262581 
-0.018940309102222268 1611701172530 33.18110472479135 0 0.0 0.059606479980000016 -0.31088676770833723 
-0.018940309102222268 1611701172570 11.064510986944434 0 0.0 0.04407304990222223 -0.3883357519444447 
-0.018940309102222268 1611701172622 -5.588279274700771 0 0.0 0.025223494302222257 -0.3624914538461533 
-0.018940309102222268 1611701172668 -45.8531411757967 0 0.0 0.0002652864244446079 -0.5425697364734272 
-0.018940309102222268 1611701172724 -55.105283150555614 0 0.0 -0.02172586177555548 -0.39269907500000156 
-0.018940309102222268 1611701172769 -121.05448706691345 0 0.0 -0.05610884745333324 -0.7640663483950614 
-0.018940309102222268 1611701172795 -109.7575826225639 0 0.0 -0.06867521785333322 -0.48332193846153737 
-0.018940309102222268 1611701172828 -89.89419009441085 0 0.0 -0.07460933720888882 -0.17982179865320042 
-0.018940309102222268 1611701172864 -85.75520354746895 0 0.0 -0.077925462731111 -0.09211459783950515 
-0.018940309102222268 1611701172907 -86.23810051509015 0 0.0 -0.0807179894866665 -0.06494248268733714 
-0.018940309102222268 1611701172939 -46.89678165229235 0 0.0 -0.07146774460888897 0.2890701524305484 
-0.018940309102222268 1611701172975 -60.90850281444412 0 0.0 -0.06832615200888884 0.08726646111111439 
-0.018940309102222268 1611701173022 -41.36638572520104 0 0.0 -0.05872684128666667 0.2042406536643015 
-0.018940309102222268 1611701173069 2.055177243830258 0 0.0 -0.03708475893111095 0.46046983735224944 
-0.018940309102222268 1611701173118 22.099711184081535 0 0.0 -0.015442676575555488 0.4416751501133767 
-0.018940309102222268 1611701173160 79.02534535010545 0 0.0 0.01579871650222215 0.7438426923280389 
-0.018940309102222268 1611701173203 99.96417406501308 0 0.0 0.04407304990222223 0.6575426372093042 
-0.018940309102222268 1611701173237 120.43120337444444 0 0.0 0.06588966518 0.6416651552287582 
-0.018940309102222268 1611701173278 86.27170497512171 0 0.0 0.07252191622444437 0.161762220596204 
-0.018940309102222268 1611701173314 145.8499842414197 0 0.0 0.09433853150222216 0.6060170910493827 
-0.018940309102222268 1611701173343 156.77317064475162 0 0.0 0.11022102742444456 0.5476722731800829 
-0.018940309102222268 1611701173407 124.84906796819455 0 0.0 0.11650421262444455 0.09817476874999999 
-0.018940309102222268 1611701173430 145.18831897227014 0 0.0 0.12261286490222223 0.26559357729468125 
-0.018940309102222268 1611701173480 130.1526871422221 0 0.0 0.12540539165777773 0.05585053511111021 
-0.018940309102222268 1611701173523 135.796188887752 0 0.0 0.12889605010222221 0.08117810335917416 
-0.018940309102222268 1611701173567 128.8960501022222 0 0.0 0.12889605010222221 0.0 
-0.018940309102222268 1611701173611 129.91944769161594 0 0.0 0.1292451159466666 0.00793331464646298 
-0.018940309102222268 1611701173659 118.6058798962037 0 0.0 0.12540539165777773 -0.07999425601851791 
-0.018940309102222268 1611701173696 105.8388359448654 0 0.0 0.11947127230222235 -0.16038160420419942 
-0.018940309102222268 1611701173744 84.16835268023144 0 0.0 0.10673036898000007 -0.265435485879631 
-0.018940309102222268 1611701173779 75.01524368476188 0 0.0 0.09748012410222226 -0.2642927107936514 
-0.018940309102222268 1611701173816 66.40382973465431 0 0.0 0.08805534630222214 -0.2547237243243275 
-0.018940309102222268 1611701173859 41.29675876733887 0 0.0 0.0723473833022223 -0.36530146511627554 
-0.018940309102222268 1611701173895 -22.685792847777954 0 0.0 0.04407304990222223 -0.7853981500000022 
-0.018940309102222268 1611701173918 -14.934254584734202 0 0.0 0.031506679502222246 -0.5463639304347817 
-0.018940309102222268 1611701173975 -38.9311335293569 0 0.0 0.0032323461022221688 -0.49604093684210665 
-0.018940309102222268 1611701174006 -101.91529439526883 0 0.0 -0.024867454375555598 -0.9064451767025086 
-0.018940309102222268 1611701174058 -89.24325145675178 0 0.0 -0.049302063486666554 -0.4698963290598261 
-0.018940309102222268 1611701174094 -103.85814609129659 0 0.0 -0.06553362525333334 -0.4508767157407442 
-0.018940309102222268 1611701174130 -96.62472609253096 0 0.0 -0.07478387013111115 -0.2569512466049389 
-0.018940309102222268 1611701174191 -88.9868443263748 0 0.0 -0.0807179894866665 -0.09728064517303876 
-0.018940309102222268 1611701174230 -70.72933609179513 0 0.0 -0.07757639688666665 0.08055365641025303 
-0.018940309102222268 1611701174273 -87.96719411664094 0 0.0 -0.08106705533111114 -0.08117810335917416 
-0.018940309102222268 1611701174327 -49.16954774942354 0 0.0 -0.06867521785333322 0.22947847181070216 
-0.018940309102222268 1611701174356 4.050845323678452 0 0.0 -0.050174728097777614 0.6379479226053655 
-0.018940309102222268 1611701174386 22.081901702222247 0 0.0 -0.03132517249777765 0.6283185199999988 
-0.018940309102222268 1611701174405 -198.50934010011682 0 0.0 -0.06186843388666654 -1.6075400730994152 
-0.018940309102222268 1611701174437 -151.20747344916688 0 0.0 -0.08630304299777775 -0.763581534722225 
-0.018940309102222268 1611701174490 -24.498630087085978 0 0.0 -0.06256656557555554 0.4478580645702301 
-0.018940309102222268 1611701174526 -206.87620343296257 0 0.0 -0.10550166444222209 -1.192641635185182 
-0.018940309102222268 1611701174575 -54.43119426217708 0 0.0 -0.08682664176444443 0.38112291179138064 
-0.018940309102222268 1611701174606 -123.39973411139796 0 0.0 -0.09660048540888891 -0.3152852788530476 
-0.018940309102222268 1611701174659 -62.5171694654927 0 0.0 -0.08351051624222225 0.24698055031446528 
-0.018940309102222268 1611701174690 -60.652333525375795 0 0.0 -0.07740186396444432 0.1970532992831591 
-0.018940309102222268 1611701174722 1.7269996480553473 0 0.0 -0.05575978160888886 0.6763150736111083 
-0.018940309102222268 1611701174767 -28.02843952246929 0 0.0 -0.0461604708866667 0.21331801604938128 
-0.018940309102222268 1611701174807 70.55842084944447 0 0.0 -0.008810425531111124 0.9337511338888894 
-0.018940309102222268 1611701174841 -9.421290758888349 0 0.0 -0.008984958453333188 -0.005133321241825416 
-0.018940309102222268 1611701174876 65.21646676571412 0 0.0 0.012657123902222279 0.6183452101587276 
-0.018940309102222268 1611701174926 4.646062772222196 0 0.0 0.00969006422444447 -0.05934119355555616 
-0.018940309102222268 1611701174954 -15.667076046984054 0 0.0 0.003406879024444481 -0.22439947142857103 
-0.018940309102222268 1611701174999 3.406879024444481 0 0.0 0.003406879024444481 0.0 
-0.018940309102222268 1611701175060 -18.7330513387614 0 0.0 -0.005843365853333317 -0.15164335865209505 
-0.018940309102222268 1611701175096 -16.40260764777733 0 0.0 -0.008984958453333188 -0.08726646111110754 
-0.018940309102222268 1611701175147 -26.205540112592654 0 0.0 -0.015442676575555488 -0.12662192396514313 
-0.018940309102222268 1611701175190 3.2607584383979678 0 0.0 -0.009159491375555499 0.14612058604651137 
-0.018940309102222268 1611701175218 -8.45512636801546 0 0.0 -0.008984958453333188 0.006233318650796803 
-0.018940309102222268 1611701175249 2.117587437705426 0 0.0 -0.006017898775555627 0.09571160250895358 
-0.018940309102222268 1611701175281 5.468549168194803 0 0.0 -0.0028763061755555097 0.09817476875000368 
-0.018940309102222268 1611701175323 6.623271448254369 0 0.0 0.0002652864244446079 0.0747998238095266 
-0.018940309102222268 1611701175368 9.340998379999796 0 0.0 0.003406879024444481 0.06981316888888607 
-0.018940309102222268 1611701175414 20.80325833724613 0 0.0 0.00951553130222216 0.13279678864734085 
-0.018940309102222268 1611701175448 -0.8691775699993034 0 0.0 0.006548471624444599 -0.08726646111110473 
-0.018940309102222268 1611701175494 6.548471624444598 0 0.0 0.006548471624444599 0.0 
-0.018940309102222268 1611701175526 -16.424424263055368 0 0.0 0.0002652864244446079 -0.1963495374999997 
-0.018940309102222268 1611701175561 0.2652864244446079 0 0.0 0.0002652864244446079 0.0 
-0.018940309102222268 1611701175604 0.2652864244446079 0 0.0 0.0002652864244446079 0.0 
-0.018940309102222268 1611701175672 -13.87188027555592 0 0.0 -0.006017898775555627 -0.09239978235294463 
-0.018940309102222268 1611701175716 -15.228477080100705 0 0.0 -0.009159491375555499 -0.0713998318181789 
-0.018940309102222268 1611701175764 -17.380719232731504 0 0.0 -0.012126551053333306 -0.06181374328703765 
-0.018940309102222268 1611701175802 -2.522647359473562 0 0.0 -0.009159491375555499 0.07808051783625808 
-0.018940309102222268 1611701175839 -9.159491375555499 0 0.0 -0.009159491375555499 0.0 
-0.018940309102222268 1611701175881 -9.159491375555499 0 0.0 -0.009159491375555499 0.0 
-0.018940309102222268 1611701175932 15.973249424444786 0 0.0 0.0002652864244446079 0.18479956470588446 
-0.018940309102222268 1611701175957 14.088293864444047 0 0.0 0.003406879024444481 0.1256637039999949 
-0.018940309102222268 1611701176009 11.683767220598636 0 0.0 0.006548471624444599 0.06041524230769457 
-0.018940309102222268 1611701176073 13.456157436770482 0 0.0 0.00951553130222216 0.046360307465274385 
-0.018940309102222268 1611701176105 9.51553130222216 0 0.0 0.00951553130222216 0.0 
-0.018940309102222268 1611701176158 9.51553130222216 0 0.0 0.00951553130222216 0.0 
-0.018940309102222268 1611701176202 -17.604504816716574 0 0.0 0.0002652864244446079 -0.210232838131308 
-0.018940309102222268 1611701176221 -33.171547096024035 0 0.0 -0.005843365853333317 -0.3215080146198908 
-0.018940309102222268 1611701176261 -16.206258110277634 0 0.0 -0.009159491375555499 -0.08290313805555455 
-0.018940309102222268 1611701176317 -24.979654111269756 0 0.0 -0.015442676575555488 -0.11219973571428551 
-0.018940309102222268 1611701176357 -25.260153450555855 0 0.0 -0.018584269175555605 -0.07853981500000294 
-0.018940309102222268 1611701176402 -18.584269175555605 0 0.0 -0.018584269175555605 0.0 
-0.018940309102222268 1611701176436 -7.5886950755551945 0 0.0 -0.015442676575555488 0.09239978235294463 
-0.018940309102222268 1611701176478 3.0287243596293862 0 0.0 -0.009334024297777813 0.1454441018518494 
-0.018940309102222268 1611701176518 20.66382170916725 0 0.0 0.0002652864244446079 0.2399827680555605 
-0.018940309102222268 1611701176554 31.35638726364138 0 0.0 0.00951553130222216 0.256951246604932 
-0.018940309102222268 1611701176600 27.40895002396126 0 0.0 0.01579871650222215 0.13659098260869543 
-0.018940309102222268 1611701176634 37.78986470222298 0 0.0 0.022081901702222385 0.18479956470588935 
-0.018940309102222268 1611701176684 22.081901702222385 0 0.0 0.022081901702222385 0.0 
-0.018940309102222268 1611701176760 2.116253994327421 0 0.0 0.012657123902222279 -0.12401023421052774 
-0.018940309102222268 1611701176826 -15.693898206026633 0 0.0 0.0002652864244446079 -0.18775511329966166 
-0.018940309102222268 1611701176867 -38.889684760921455 0 0.0 -0.01247561689777768 -0.3107537395663973 
-0.018940309102222268 1611701176901 -44.85147396999997 0 0.0 -0.02172586177555548 -0.2720660258169941 
-0.018940309102222268 1611701176958 -45.63993410109141 0 0.0 -0.03132517249777765 -0.16840896003898545 
-0.018940309102222268 1611701177009 -55.99249217185179 0 0.0 -0.04057541737555545 -0.18137735054466275 
-0.018940309102222268 1611701177032 -26.643137149468387 0 0.0 -0.03760835769777765 0.12900259468599132 
-0.018940309102222268 1611701177065 -36.98427027892301 0 0.0 -0.03743382477555559 0.005288876430971536 
-0.018940309102222268 1611701177115 -20.469224735555592 0 0.0 -0.03115063957555559 0.125663704 
-0.018940309102222268 1611701177147 14.795152199444352 0 0.0 -0.018584269175555605 0.3926990749999995 
-0.018940309102222268 1611701177170 40.42303531140082 0 0.0 -0.006017898775555627 0.5463639304347817 
-0.018940309102222268 1611701177202 5.468549168194803 0 0.0 -0.0028763061755555097 0.09817476875000368 
-0.018940309102222268 1611701177257 36.663334022424316 0 0.0 0.012657123902222279 0.2824260014141416 
-0.018940309102222268 1611701177283 66.30585907145297 0 0.0 0.025223494302222257 0.4833219384615377 
-0.018940309102222268 1611701177341 40.28448181467412 0 0.0 0.031332146579999935 0.10532159099616688 
-0.018940309102222268 1611701177377 42.47801291858088 0 0.0 0.03464827210222236 0.09211459783951195 
-0.018940309102222268 1611701177407 21.936457600369717 0 0.0 0.031332146579999935 -0.11053751740741433 
-0.018940309102222268 1611701177450 22.49996893452255 0 0.0 0.028365086902222378 -0.06900138785529211 
-0.018940309102222268 1611701177493 9.661651888268919 0 0.0 0.022081901702222385 -0.14612058604651137 
-0.018940309102222268 1611701177539 -4.758226380386619 0 0.0 0.012657123902222279 -0.20488647391304585 
-0.018940309102222268 1611701177565 -27.57942747470127 0 0.0 0.0032323461022221688 -0.3624914538461581 
-0.018940309102222268 1611701177615 -21.74331506777788 0 0.0 -0.006017898775555627 -0.1850048975555559 
-0.018940309102222268 1611701177668 -46.91787790763071 0 0.0 -0.02172586177555548 -0.2963766603773557 
-0.018940309102222268 1611701177696 -46.37863703944496 0 0.0 -0.027834514053333405 -0.21816615277778303 
-0.018940309102222268 1611701177729 -49.053486294410135 0 0.0 -0.03376863340888876 -0.17982179865319264 
-0.018940309102222268 1611701177779 -26.228811168888978 0 0.0 -0.030976106653333287 0.05585053511110952 
-0.018940309102222268 1611701177812 -19.74253311393977 0 0.0 -0.027834514053333405 0.09519977575757217 
-0.018940309102222268 1611701177870 3.1480888294257774 0 0.0 -0.015268143653333177 0.21666155862069358 
-0.018940309102222268 1611701177924 32.80274805427969 0 0.0 0.003406879024444481 0.3458337532921789 
-0.018940309102222268 1611701178004 54.88318277236139 0 0.0 0.028365086902222378 0.31197759847222367 
-0.018940309102222268 1611701178042 69.04044372327495 0 0.0 0.040931457302222356 0.3306939578947363 
-0.018940309102222268 1611701178092 65.90711847222242 0 0.0 0.050181702180000155 0.185004897555556 
-0.018940309102222268 1611701178137 50.685908399752776 0 0.0 0.050356235102222216 0.00387850938271246 
-0.018940309102222268 1611701178179 50.356235102222215 0 0.0 0.050356235102222216 0.0 
-0.018940309102222268 1611701178224 22.62489301580261 0 0.0 0.040756924380000045 -0.21331801604938158 
-0.018940309102222268 1611701178259 9.04179908476188 0 0.0 0.031506679502222246 -0.26429271079365135 
-0.018940309102222268 1611701178350 -11.025651082393308 0 0.0 0.00951553130222216 -0.2416609692307702 
-0.018940309102222268 1611701178386 -53.253294920308306 0 0.0 -0.009159491375555499 -0.5187506299382684 
-0.018940309102222268 1611701178423 -81.09535796714712 0 0.0 -0.030976106653333287 -0.589638250750751 
-0.018940309102222268 1611701178454 -78.65174489132636 0 0.0 -0.043717009975555575 -0.4109968813620093 
-0.018940309102222268 1611701178503 -85.7188919927889 0 0.0 -0.05907590713111104 -0.31344688072562177 
-0.018940309102222268 1611701178536 -70.93356808936007 0 0.0 -0.06239203265333323 -0.10048865218855106 
-0.018940309102222268 1611701178552 -80.0198577977773 0 0.0 -0.06518455940888873 -0.17453292222221853 
-0.018940309102222268 1611701178595 -57.39146148640855 0 0.0 -0.06256656557555554 0.060883577519376265 
-0.018940309102222268 1611701178640 -43.91093544469111 0 0.0 -0.05610884745333324 0.14350484716049564 
-0.018940309102222268 1611701178666 -16.617417398204882 0 0.0 -0.04685860257555543 0.35577864914530055 
-0.018940309102222268 1611701178709 -0.6195549021704139 0 0.0 -0.03132517249777765 0.36124255994832044 
-0.018940309102222268 1611701178758 11.631297747119904 0 0.0 -0.015617209497777798 0.3205706734693847 
-0.018940309102222268 1611701178793 59.7810129022225 0 0.0 0.006373938702222288 0.6283185200000024 
-0.018940309102222268 1611701178870 85.68895187624814 0 0.0 0.04407304990222223 0.489598846753246 
-0.018940309102222268 1611701178905 66.21379774984153 0 0.0 0.050530768024444526 0.18450623206349426 
-0.018940309102222268 1611701178942 90.81485331573599 0 0.0 0.06274807258000013 0.3301974204204218 
-0.018940309102222268 1611701178961 80.89949649111105 0 0.0 0.06606419810222232 0.17453292222222028 
-0.018940309102222268 1611701178990 65.37810316658977 0 0.0 0.06588966518 -0.006018376628355533 
-0.018940309102222268 1611701179024 66.5005304077781 0 0.0 0.06606419810222232 0.005133321241832661 
-0.018940309102222268 1611701179079 58.06741693858566 0 0.0 0.0629226055022222 -0.05711986545454759 
-0.018940309102222268 1611701179109 26.794290602222706 0 0.0 0.053497827702222334 -0.3141592599999956 
-0.018940309102222268 1611701179151 5.999939583174431 0 0.0 0.03778986470222224 -0.3739991190476213 
-0.018940309102222268 1611701179191 18.154910952222263 0 0.0 0.031506679502222246 -0.15707962999999978 
-0.018940309102222268 1611701179256 -40.9916112670084 0 0.0 9.075350222229744e-05 -0.48332193846153765 
-0.018940309102222268 1611701179296 -29.361677122778048 0 0.0 -0.009334024297777813 -0.23561944500000276 
-0.018940309102222268 1611701179371 -69.65260221777746 0 0.0 -0.03760835769777765 -0.37699111199999785 
-0.018940309102222268 1611701179411 -115.60275731583356 0 0.0 -0.06256656557555554 -0.6239551969444473 
-0.018940309102222268 1611701179457 -80.45998429729462 0 0.0 -0.06884975077555552 -0.13659098260869534 
-0.018940309102222268 1611701179509 -91.84110687598289 0 0.0 -0.07757639688666665 -0.16782011752136752 
-0.018940309102222268 1611701179556 -78.55675202425509 0 0.0 -0.077925462731111 -0.007426932860518536 
-0.018940309102222268 1611701179591 -55.784714883492555 0 0.0 -0.07146774460888897 0.1845062320634872 
-0.018940309102222268 1611701179636 -45.75322740148131 0 0.0 -0.06256656557555554 0.19780397851852033 
-0.018940309102222268 1611701179669 -6.398697878585438 0 0.0 -0.04685860257555543 0.4759988787878823 
-0.018940309102222268 1611701179704 6.997270567301161 0 0.0 -0.03115063957555559 0.44879894285713823 
-0.018940309102222268 1611701179759 32.37934411333361 0 0.0 -0.0061924316977776915 0.45378559777778 
-0.018940309102222268 1611701179854 59.28497196538033 0 0.0 0.028365086902222378 0.3637633536842112 
-0.018940309102222268 1611701179926 96.86925887444448 0 0.0 0.059781012902222326 0.43633230555555486 
-0.018940309102222268 1611701179971 114.23528463555559 0 0.0 0.0786305685022223 0.41887901333333283 
-0.018940309102222268 1611701180002 102.7949330886025 0 0.0 0.08508828662444459 0.20831348781362244 
-0.018940309102222268 1611701180046 93.78716613429242 0 0.0 0.08805534630222214 0.06743317449494433 
-0.018940309102222268 1611701180120 88.8053661571775 0 0.0 0.08840441214666678 0.0047171060060085795 
-0.018940309102222268 1611701180179 80.73679630937838 0 0.0 0.08526281954666667 -0.053247332203391826 
-0.018940309102222268 1611701180208 35.17788924551695 0 0.0 0.07252191622444437 -0.4393414938697343 
-0.018940309102222268 1611701180236 21.80763568158732 0 0.0 0.059955545824444394 -0.44879894285714206 
-0.018940309102222268 1611701180289 43.595554171614225 0 0.0 0.0536723606244444 -0.11855066415094326 
-0.018940309102222268 1611701180345 -64.5394109285317 0 0.0 0.006723004546666663 -0.8383813585317453 
-0.018940309102222268 1611701180386 63.57816818569117 0 0.0 0.025223494302222257 0.4512314574525755 
-0.018940309102222268 1611701180432 25.223494302222257 0 0.0 0.025223494302222257 0.0 
-0.018940309102222268 1611701180500 18.154910952222547 0 0.0 0.022081901702222385 -0.04619989117646869 
-0.018940309102222268 1611701180547 127.47007899300212 0 0.0 0.059606479980000016 0.7983952825059071 
-0.018940309102222268 1611701180612 96.66116192871803 0 0.0 0.07566350882444449 0.24703121299145342 
-0.018940309102222268 1611701180643 193.2198770825088 0 0.0 0.10707943482444443 1.0134169677419338 
-0.018940309102222268 1611701180676 264.34946437595937 0 0.0 0.15106173122444438 1.3327968606060587 
-0.018940309102222268 1611701180745 222.34704737033854 0 0.0 0.18300125599111125 0.462891663285027 
-0.018940309102222268 1611701180803 388.2610000893869 0 0.0 0.26625345989111115 1.4353828258620678 
-0.018940309102222268 1611701180849 246.86892294256043 0 0.0 0.2594466759244445 -0.14797356449275378 
-0.018940309102222268 1611701180879 256.10146158185194 0 0.0 0.2585740113133334 -0.02908882037037005 
-0.018940309102222268 1611701180917 312.8078204080702 0 0.0 0.2753291718466667 0.4409252771929819 
-0.018940309102222268 1611701180950 215.4167796365658 0 0.0 0.2585740113133334 -0.5077321373737368 
---------------------------------------
Time Duty_cycle X X_dot Theta Theta_dot
-0.018940309102222268 1611701187103 -1150.604802708889 0 0.0 -0.06169390096444447 -12.810716491111114 
-0.018940309102222268 1611701187153 -53.21160094444416 0 0.0 -0.058552308364444354 0.06283185200000235 
-0.018940309102222268 1611701187200 -58.55230836444436 0 0.0 -0.058552308364444354 0.0 
-0.018940309102222268 1611701187232 20.57655524805532 0 0.0 -0.03691022600888889 0.6763150736111083 
-0.018940309102222268 1611701187267 -26.13905138031703 0 0.0 -0.03376863340888876 0.08975978857143212 
-0.018940309102222268 1611701187291 9.035565766110572 0 0.0 -0.02434385560888891 0.3926990749999939 
-0.018940309102222268 1611701187325 29.412284435556113 0 0.0 -0.008984958453333188 0.4517322692810506 
-0.018940309102222268 1611701187362 52.59214334906883 0 0.0 0.00969006422444447 0.5047303426426395 
-0.018940309102222268 1611701187397 -1.081110404126517 0 0.0 0.006548471624444599 -0.08975978857142489 
-0.018940309102222268 1611701187422 47.24954908666582 0 0.0 0.01579871650222215 0.370009795111102 
-0.018940309102222268 1611701187488 37.3614657113133 0 0.0 0.025223494302222257 0.14279966363636526 
-0.018940309102222268 1611701187523 -7.090029583492397 0 0.0 0.01579871650222215 -0.2692793657142888 
-0.018940309102222268 1611701187577 15.79871650222215 0 0.0 0.01579871650222215 0.0 
-0.018940309102222268 1611701187612 37.34106575936582 0 0.0 0.022081901702222385 0.17951957714286393 
-0.018940309102222268 1611701187667 6.088339374949056 0 0.0 0.01579871650222215 -0.11423973090909523 
-0.018940309102222268 1611701187719 15.79871650222215 0 0.0 0.01579871650222215 0.0 
-0.018940309102222268 1611701187773 15.79871650222215 0 0.0 0.01579871650222215 0.0 
-0.018940309102222268 1611701187820 -19.0038908821747 0 0.0 0.003406879024444481 -0.263656116548461 
-0.018940309102222268 1611701187855 -28.30824627079368 0 0.0 -0.005843365853333317 -0.26429271079365135 
-0.018940309102222268 1611701187917 -28.189209992042663 0 0.0 -0.015268143653333177 -0.15201254516128807 
-0.018940309102222268 1611701187948 -27.023780479140072 0 0.0 -0.018409736253333295 -0.10134169677419734 
-0.018940309102222268 1611701188000 -26.686624449486814 0 0.0 -0.02155132885333317 -0.0604152423076899 
-0.018940309102222268 1611701188039 -1.5740220635896023 0 0.0 -0.015268143653333177 0.16110731282051263 
-0.018940309102222268 1611701188084 2.3790740380245605 0 0.0 -0.009159491375555499 0.13574782839505953 
-0.018940309102222268 1611701188130 -0.2127820146862991 0 0.0 -0.006017898775555627 0.06829549130434504 
-0.018940309102222268 1611701188179 28.34727742036336 0 0.0 0.006548471624444599 0.25645653877551483 
-0.018940309102222268 1611701188237 21.60945913689646 0 0.0 0.012657123902222279 0.10532159099616688 
-0.018940309102222268 1611701188270 46.357844520404484 0 0.0 0.022081901702222385 0.2855993272727305 
-0.018940309102222268 1611701188294 22.081901702222385 0 0.0 0.022081901702222385 0.0 
-0.018940309102222268 1611701188340 39.97532042396149 0 0.0 0.028365086902222378 0.13659098260869543 
-0.018940309102222268 1611701188392 20.088198706068216 0 0.0 0.025223494302222257 -0.060415242307694586 
-0.018940309102222268 1611701188430 25.223494302222257 0 0.0 0.025223494302222257 0.0 
-0.018940309102222268 1611701188507 -1.214843422453022 0 0.0 0.012657123902222279 -0.16319961558441531 
-0.018940309102222268 1611701188541 -8.7231590699996 0 0.0 0.006548471624444599 -0.17966624346404939 
-0.018940309102222268 1611701188596 -25.438653030101435 0 0.0 -0.006017898775555627 -0.22847946181818593 
-0.018940309102222268 1611701188626 -41.47717080703624 0 0.0 -0.015268143653333177 -0.30834149592591836 
-0.018940309102222268 1611701188676 -32.70398258333339 0 0.0 -0.02172586177555548 -0.12915436244444606 
-0.018940309102222268 1611701188714 -31.894700980819017 0 0.0 -0.024867454375555598 -0.08267348947368731 
-0.018940309102222268 1611701188760 -24.867454375555596 0 0.0 -0.024867454375555598 0.0 
-0.018940309102222268 1611701188794 -2.876306175555623 0 0.0 -0.018584269175555605 0.18479956470588213 
-0.018940309102222268 1611701188833 11.381691009060118 0 0.0 -0.009159491375555499 0.24166096923077196 
-0.018940309102222268 1611701188853 40.32059207444506 0 0.0 0.0002652864244446079 0.4712388900000053 
-0.018940309102222268 1611701188896 18.4491815768991 0 0.0 0.006373938702222288 0.1420616808785507 
-0.018940309102222268 1611701188934 36.88045631801131 0 0.0 0.01579871650222215 0.24802046842104897 
-0.018940309102222268 1611701188966 38.77161238972302 0 0.0 0.022081901702222385 0.19634953750000744 
-0.018940309102222268 1611701188998 33.568349645971914 0 0.0 0.025223494302222257 0.09817476874999596 
-0.018940309102222268 1611701189031 25.223494302222257 0 0.0 0.025223494302222257 0.0 
-0.018940309102222268 1611701189065 25.223494302222257 0 0.0 0.025223494302222257 0.0 
-0.018940309102222268 1611701189111 25.223494302222257 0 0.0 0.025223494302222257 0.0 
-0.018940309102222268 1611701189188 5.394741008715538 0 0.0 0.01579871650222215 -0.1223997116883131 
-0.018940309102222268 1611701189236 -10.315771985277463 0 0.0 0.006373938702222288 -0.1963495374999971 
-0.018940309102222268 1611701189288 -34.55067515653842 0 0.0 -0.009159491375555499 -0.29871980918803437 
-0.018940309102222268 1611701189321 -42.86021199373769 0 0.0 -0.018584269175555605 -0.28559932727273046 
-0.018940309102222268 1611701189349 -43.94140944698414 0 0.0 -0.024867454375555598 -0.22439947142857114 
-0.018940309102222268 1611701189404 -32.41996991899001 0 0.0 -0.027834514053333405 -0.05394653959596013 
-0.018940309102222268 1611701189428 -42.10258044499953 0 0.0 -0.030976106653333287 -0.13089969166666174 
-0.018940309102222268 1611701189479 -30.51068552740711 0 0.0 -0.03080157373111097 0.0034222141612219106 
-0.018940309102222268 1611701189512 2.275059468215705 0 0.0 -0.02155132885333317 0.2803104508417515 
-0.018940309102222268 1611701189536 20.4601999665732 0 0.0 -0.01230108397555562 0.3854268699073979 
-0.018940309102222268 1611701189580 6.120072633535269 0 0.0 -0.006017898775555627 0.14279966363636348 
-0.018940309102222268 1611701189614 48.34910649666662 0 0.0 0.00951553130222216 0.45686559052287606 
-0.018940309102222268 1611701189670 25.33569403793642 0 0.0 0.01579871650222215 0.11219973571428551 
-0.018940309102222268 1611701189701 39.30999015383594 0 0.0 0.022081901702222385 0.20268339354839476 
-0.018940309102222268 1611701189731 34.12467333555522 0 0.0 0.025223494302222257 0.10471975333332903 
-0.018940309102222268 1611701189773 25.223494302222257 0 0.0 0.025223494302222257 0.0 
-0.018940309102222268 1611701189807 14.227920202222709 0 0.0 0.022081901702222385 -0.09239978235293737 
-0.018940309102222268 1611701189874 0.7003162455057232 0 0.0 0.012657123902222279 -0.14066832537313595 
-0.018940309102222268 1611701189923 -4.525464195736877 0 0.0 0.006373938702222288 -0.1282282693877549 
-0.018940309102222268 1611701189974 -26.67096123851882 0 0.0 -0.006017898775555627 -0.24297720544662582 
-0.018940309102222268 1611701190001 -31.35749340930007 0 0.0 -0.012126551053333306 -0.22624638065843253 
-0.018940309102222268 1611701190052 -28.88171158666661 0 0.0 -0.018409736253333295 -0.12319970980392136 
-0.018940309102222268 1611701190124 -25.260153450555247 0 0.0 -0.02155132885333317 -0.04363323055555382 
-0.018940309102222268 1611701190148 -8.075932816760064 0 0.0 -0.018584269175555605 0.12362748657406518 
-0.018940309102222268 1611701190177 -17.898174239923076 0 0.0 -0.018409736253333295 0.006018376628355533 
-0.018940309102222268 1611701190209 3.9250236372913285 0 0.0 -0.01230108397555562 0.19089538368055234 
-0.018940309102222268 1611701190245 19.376641407778084 0 0.0 -0.0028763061755555097 0.2617993833333364 
-0.018940309102222268 1611701190285 6.395755317500138 0 0.0 9.075350222229744e-05 0.07417649194444517 
-0.018940309102222268 1611701190319 22.081901702222265 0 0.0 0.006373938702222288 0.18479956470588207 
-0.018940309102222268 1611701190363 34.00567361585824 0 0.0 0.01579871650222215 0.21419949545454228 
-0.018940309102222268 1611701190438 29.20284492888932 0 0.0 0.022081901702222385 0.08377580266666984 
-0.018940309102222268 1611701190530 22.081901702222385 0 0.0 0.022081901702222385 0.0 
-0.018940309102222268 1611701190562 -12.377442129028006 0 0.0 0.012657123902222279 -0.29452430625000336 
-0.018940309102222268 1611701190600 -7.680554508304006 0 0.0 0.006373938702222288 -0.16534697894736816 
-0.018940309102222268 1611701190648 -19.25694814662036 0 0.0 -0.0028763061755555097 -0.1927134349537041 
-0.018940309102222268 1611701190682 -24.867454375555468 0 0.0 -0.009159491375555499 -0.18479956470588202 
-0.018940309102222268 1611701190725 -19.03074874403083 0 0.0 -0.01247561689777768 -0.07711919819121353 
-0.018940309102222268 1611701190747 -26.906316239697016 0 0.0 -0.015442676575555488 -0.13486634898990033 
-0.018940309102222268 1611701190782 -14.844277985078994 0 0.0 -0.015268143653333177 0.004986654920637442 
-0.018940309102222268 1611701190806 -1.0000772616670943 0 0.0 -0.012126551053333306 0.1308996916666613 
-0.018940309102222268 1611701190868 2.3568664439782854 0 0.0 -0.006017898775555627 0.09852664964157545 
-0.018940309102222268 1611701190910 22.480834095873274 0 0.0 0.003406879024444481 0.224399471428574 
-0.018940309102222268 1611701190954 39.737493447929005 0 0.0 0.01579871650222215 0.28163266994949243 
-0.018940309102222268 1611701191005 40.93145730222244 0 0.0 0.025223494302222257 0.1847995647058845 
-0.018940309102222268 1611701191059 65.2076939468725 0 0.0 0.040756924380000045 0.2876561125514405 
-0.018940309102222268 1611701191106 58.40331685659575 0 0.0 0.04704010958000003 0.13368479148936147 
-0.018940309102222268 1611701191138 35.5536616362505 0 0.0 0.04389851698000016 -0.09817476874999598 
-0.018940309102222268 1611701191175 43.89851698000016 0 0.0 0.04389851698000016 0.0 
-0.018940309102222268 1611701191194 27.65776927005848 0 0.0 0.040931457302222356 -0.15616103567251616 
-0.018940309102222268 1611701191236 12.432724430793453 0 0.0 0.031506679502222246 -0.224399471428574 
-0.018940309102222268 1611701191270 20.511105402222697 0 0.0 0.028365086902222378 -0.09239978235293739 
-0.018940309102222268 1611701191335 -15.133887559316586 0 0.0 0.00951553130222216 -0.2899931630769264 
-0.018940309102222268 1611701191387 -23.132194360384393 0 0.0 -0.0028763061755555097 -0.2383045668803398 
-0.018940309102222268 1611701191446 -48.88200119928425 0 0.0 -0.02172586177555548 -0.3194839932203385 
-0.018940309102222268 1611701191482 -74.52207074777807 0 0.0 -0.03743382477555559 -0.43633230555555863 
-0.018940309102222268 1611701191534 -53.52777404585443 0 0.0 -0.04354247705333325 -0.11747408226495502 
-0.018940309102222268 1611701191561 -70.3300485232924 0 0.0 -0.05000019517555555 -0.23917474526749244 
-0.018940309102222268 1611701191608 -23.040428891867766 0 0.0 -0.04040088445333338 0.20424065366430136 
-0.018940309102222268 1611701191672 -26.179178369131666 0 0.0 -0.034292232175555465 0.09544769184027996 
-0.018940309102222268 1611701191705 44.9668700190571 0 0.0 -0.012126551053333306 0.6716873067340048 
-0.018940309102222268 1611701191752 39.83227123886538 0 0.0 0.006373938702222288 0.3936274416075658 
-0.018940309102222268 1611701191795 62.48424374408266 0 0.0 0.025223494302222257 0.4383617581395342 
-0.018940309102222268 1611701191837 82.22096004507931 0 0.0 0.04407304990222223 0.4487989428571421 
-0.018940309102222268 1611701191872 87.15774841650787 0 0.0 0.05663942030222221 0.3590391542857137 
-0.018940309102222268 1611701191935 78.78016814984151 0 0.0 0.06606419810222232 0.14959964761904937 
-0.018940309102222268 1611701191971 87.18268169111116 0 0.0 0.0723473833022223 0.17453292222222183 
-0.018940309102222268 1611701192024 88.70737495505249 0 0.0 0.0786305685022223 0.11855066415094338 
-0.018940309102222268 1611701192065 58.78489817539278 0 0.0 0.07217285038 -0.1575053200542025 
-0.018940309102222268 1611701192094 72.17285038 0 0.0 0.07217285038 0.0 
-0.018940309102222268 1611701192158 35.602749020625325 0 0.0 0.05646488738000014 -0.2454369218749978 
-0.018940309102222268 1611701192200 28.493908821005387 0 0.0 0.04721464250222235 -0.220243925661376 
-0.018940309102222268 1611701192250 -12.1614576377779 0 0.0 0.025223494302222257 -0.4398229640000018 
-0.018940309102222268 1611701192304 -30.93408946835387 0 0.0 0.003406879024444481 -0.4040113940329218 
-0.018940309102222268 1611701192365 -70.94986823311476 0 0.0 -0.027659981131111094 -0.5092927894353373 
-0.018940309102222268 1611701192404 -126.43666470262113 0 0.0 -0.05872684128666667 -0.7965861578347584 
-0.018940309102222268 1611701192433 -96.46206274643657 0 0.0 -0.06832615200888884 -0.3310107145593852 
-0.018940309102222268 1611701192480 -104.10911453087485 0 0.0 -0.08106705533111114 -0.27108304940898487 
-0.018940309102222268 1611701192531 -97.35679473851829 0 0.0 -0.08717570760888882 -0.11977749564269966 
-0.018940309102222268 1611701192560 -110.5029354203833 0 0.0 -0.09310982696444442 -0.2046248053639867 
-0.018940309102222268 1611701192603 -74.40639195049097 0 0.0 -0.08682664176444443 0.1461205860465113 
-0.018940309102222268 1611701192652 -78.71264182929696 0 0.0 -0.08385958208666663 0.0605522383219962 
-0.018940309102222268 1611701192704 -42.93496822790592 0 0.0 -0.06832615200888884 0.29871980918803437 
-0.018940309102222268 1611701192752 -16.097175033888966 0 0.0 -0.049476596408888886 0.39269907499999906 
-0.018940309102222268 1611701192780 75.90037493317476 0 0.0 -0.018409736253333295 1.1095307198412712 
-0.018940309102222268 1611701192828 24.630809587175985 0 0.0 -0.0028763061755555097 0.3236131266203705 
-0.018940309102222268 1611701192868 94.75304719250038 0 0.0 0.028365086902222378 0.7810348269444471 
-0.018940309102222268 1611701192910 113.33353120407418 0 0.0 0.05646488738000014 0.6690428685185181 
-0.018940309102222268 1611701192992 95.2090676630621 0 0.0 0.07548897590222219 0.23200107953929322 
-0.018940309102222268 1611701193031 165.94178164467286 0 0.0 0.10393784222444458 0.7294581108262149 
-0.018940309102222268 1611701193060 127.26507003593807 0 0.0 0.10987196157999993 0.20462480536397806 