
---------------------
Encoder velocity testing.30%
---------------------
2244094 0
2246301 2
2248449 8
2250623 17
2252841 30
2255156 47
2257644 65
2259958 84
2262282 105
2264868 130
2267325 154
2269872 181
2272499 210
2274954 237
2277656 269
2280025 296
2282438 325
2285044 357
2287755 390
2290309 422
2292838 453
2295368 486
2298079 521
2300789 557
2303401 591
2305881 625
2308455 659
2310948 693
2313674 731
2316216 767
2318874 802
2321389 837
2323948 872
2326491 907
2329073 942
2331761 979
2334321 1015
2337029 1052
2339793 1091
2342811 1134
2345503 1172
2348259 1211
2350991 1250
2353721 1288
2356312 1325
2359052 1366
2362060 1409
2365013 1446
2367766 1485
2370403 1522
2373120 1562
2375999 1601
2378713 1639
2381426 1678
2384242 1718
2386926 1756
2389764 1796
2392524 1835
2395300 1874
2397913 1911
2400924 1954
2403794 1994
2406704 2035
2409495 2075
2412184 2114
2414912 2152
2417686 2192
2420301 2229
2423056 2271
2426096 2313
2429136 2356
2431970 2394
2434806 2433
2437733 2474
2440376 2511
2443184 2551
2446044 2593
2448919 2632
2451705 2671
2454512 2711
2457207 2750
2459853 2787
2462618 2826
2465437 2866
2468256 2906
2470906 2943
2473631 2981
2476320 3019
2479037 3061
2481924 3099
2484640 3138
2487467 3179
2490288 3219
2493100 3261
2495939 3299
2498664 3338
2501404 3377
2504211 3416
2506929 3454
2509736 3494
2512782 3536
2515707 3578
2518650 3619
2521320 3658
2524015 3698
2527120 3741
2530097 3785
2532892 3823
2535596 3861
2538274 3899
2540994 3940
2543931 3979
2546577 4017
2549319 4057
2552136 4098
2554971 4141
2557957 4181
2561168 4228
2564017 4271
2566834 4309
2569660 4349
2572659 4392
2575431 4431
2578289 4471
2581054 4512
2583798 4549
2586557 4588
2589190 4627
2592115 4669
2595019 4712
2597910 4752
2600581 4790
2603365 4830
2606000 4869
2608890 4908
2611594 4946
2614398 4986
2617165 5026
2620036 5069
2622992 5112
2626099 5155
2628870 5195
2631671 5235
2634413 5275
2637137 5313
2640009 5356
2642914 5395
2645568 5433
2648281 5471
2650965 5511
2653880 5550
2656820 5593
2659715 5634
2662590 5675
2665252 5713
2667954 5755
2670851 5794
2673563 5832
2676277 5870
2679047 5911
2681874 5950
2684676 5990
2687491 6030
2690326 6071
2693250 6113
2696033 6154
2698907 6197
2701908 6240
2705039 6283
2707915 6326
2710755 6364
2713507 6403
2716150 6440
2718864 6478
2721630 6518
2724735 6562
2727544 6602
2730271 6641
2733052 6682
2735699 6720
2738529 6760
2741293 6800
2743995 6840
2746772 6878
2749560 6918
2752545 6961
2755505 7003
2758457 7045
2761236 7086
2764964 7141
2767884 7184
2771047 7228
2773771 7267
2776496 7306
2779158 7345
2781827 7383
2784653 7423
2787520 7464
2790337 7504
2793148 7544
2795834 7583
2798496 7621
2801239 7661
2803956 7701
2806819 7742
2809508 7781
2812273 7820
2815207 7862
2818065 7903
2820909 7945
2823870 7988
2826748 8028
2829541 8068
2832514 8112
2835282 8151
2837973 8191
2840808 8232
2843522 8272
2846290 8311
2848906 8350
2851601 8387
2854418 8427
2857233 8468
2860011 8508
2862683 8546
2865469 8586
2868080 8624
2870805 8663
2873517 8702
2876462 8745
2879172 8785
2882253 8830
2885122 8870
2887859 8911
2890752 8951
2893527 8990
2896509 9034
2899262 9073
2901937 9113
2905006 9157
2907723 9197
2910448 9236
2913077 9275
2915784 9313
2918477 9352
2921910 9402
2924652 9440
2927433 9480
2930034 9517
2932746 9556
2935508 9595
2938218 9635
2940922 9675
2943733 9715
2946519 9755
2949479 9798
2952198 9837
2954875 9877
2957779 9920
2960651 9958
2964002 10006
2967013 10050
2969877 10093
2972897 10137
2975759 10177
2978584 10218
2981514 10261
2984415 10303
2987668 10349
2990554 10391
2993398 10431
2996384 10473
2999245 10514
3002095 10555
3004916 10596
3007831 10639
3011236 10687
3014151 10729
3017047 10771
3019912 10812
3022828 10855
3025855 10898
3028799 10941
3031979 10985
3034966 11028
3037900 11071
3040774 11114
3043779 11158
3046676 11198
3049589 11241
3052639 11285
3055551 11326
3058403 11368
3061393 11410
3064195 11450
3067071 11491
3069961 11532
3073129 11578
3076110 11621
3079013 11663
3081904 11705
3084759 11749
3087863 11792
3091064 11838
3094000 11880
3097062 11923
3100086 11966
3102955 12007
3105799 12050
3108849 12094
3111718 12137
3114854 12180
3117901 12225
3120719 12268
3123877 12311
3126874 12354
3129759 12397
3132796 12440
3135797 12482
3138774 12526
3141795 12569
3144997 12614
3147965 12658
3150983 12701
3153904 12743
3157150 12791
3160193 12834
3163412 12880
3166367 12922
3169324 12965
3172373 13009
3175494 13054
3178553 13098
3181848 13146
3184699 13189
3187788 13233
3190688 13277
3193665 13319
3196769 13362
3199655 13406
3202790 13448
3205810 13491
3208715 13534
3211765 13577
3214813 13620
3217695 13664
3220759 13707
3224017 13754
3227011 13796
3229875 13838
3232731 13880
3235594 13920
3238732 13966
3241774 14009
3244655 14053
3247729 14096
3250766 14140
3253687 14183
3256686 14227
3259736 14271
3262581 14310
3265542 14353
3268437 14394
3271416 14437
3274369 14479
3277379 14522
3280679 14572
3283765 14615
3286893 14660
3289794 14702
3292666 14746
3295701 14789
3298558 14829
3301428 14870
3304227 14910
3307382 14955
3310323 14998
3313323 15041
3316260 15084
3319300 15128
3322259 15170
3325261 15214
3328209 15257
3331167 15300
3334331 15345
3337291 15387
3340387 15432
3343375 15474
3346444 15518
3349460 15561
3352264 15601
3355333 15646
3358288 15688
3361233 15731
3364180 15773
3366977 15813
3369929 15856
3372983 15900
3375927 15941
3378757 15982
3381582 16025
3384629 16068
3387508 16108
3390388 16150
3393322 16192
3396224 16235
3399314 16280
3402458 16324
3405499 16368
3408536 16411
3411534 16454
3414379 16495
3417271 16536
3420293 16580
3423289 16623
3426217 16666
3429248 16709
3432234 16753
3435220 16796
3438165 16838
3441332 16884
3444258 16926
3447199 16968
3450219 17011
3453156 17054
3455952 17095
3458789 17136
3461744 17178
3464797 17224
3467780 17267
3470807 17310
3473673 17351
3476500 17391
3479429 17433
3482290 17475
3485205 17517
3488278 17561
3491228 17604
3494174 17646
3497128 17689
3499872 17729
3502735 17771
3505652 17813
3508880 17859
3511789 17901
3514654 17943
3517539 17986
3520590 18029
3523506 18073
3526517 18117
3529654 18160
3532576 18204
3535576 18248
3538679 18292
3541643 18335
3544563 18378
3547648 18421
3550549 18464
3553661 18508
3556621 18551
3559567 18594
3562489 18638
3565562 18681
3568457 18722
3571373 18765
3574353 18808
3577178 18848
3580100 18890
3582928 18931
3585766 18972
3588649 19013
3591578 19057
3594526 19101
3598038 19150
3600983 19193
3603853 19235
3606827 19278
3609812 19321
3612639 19362
3615637 19405
3619110 19455
3622190 19499
3625140 19542
3628113 19585
3631061 19628
3634141 19672
3637287 19719
3640193 19761
3643165 19804
3646087 19846
3649060 19889
3652067 19932
3654842 19972
3657751 20014
3660712 20057
3663638 20100
3666523 20144
3669561 20188
3672806 20235
3675864 20280
3678853 20323
3681759 20364
3684696 20407
3687578 20448
3690573 20492
3693403 20533
3696311 20575
3699193 20617
3702229 20662
3705161 20704
3708114 20748
3711046 20791
3714092 20834
3717066 20878
3720072 20921
3723025 20964
3725927 21006
3728833 21049
3731830 21092
3734736 21135
3737652 21177
3740646 21221
3743555 21264
3746483 21308
3749876 21356
3752956 21400
3756089 21445
3759026 21487
3761788 21528
3764871 21573
3767828 21615
3770694 21658
3773502 21699
3776417 21743
3779555 21787
3782395 21831
3785404 21874
3788548 21917
3791811 21965
3794848 22009
3797876 22053
3800779 22096
3803626 22137
3806523 22180
3809440 22224
3812545 22268
3815576 22312
3818599 22356
3821413 22399
3824453 22442
3827522 22486
3830543 22530
3833475 22573
3836298 22613
3839237 22656
3842208 22700
3844963 22740
3848025 22786
3851143 22831
3854087 22873
3857029 22916
3860021 22959
3863592 23012
3866804 23059
3869653 23100
3872601 23144
3875677 23189
3878650 23233
3881538 23275
3884344 23318
3887411 23362
3890295 23402
3893416 23448
3896558 23493
3899600 23537
3902568 23580
3905414 23623
3908321 23667
3911409 23711
3914415 23755
3917411 23798
3920527 23843
3923601 23887
3926579 23930
3929524 23973
3932501 24016
3935417 24059
3938402 24103
3941480 24148
3944363 24191
3947426 24235
3950426 24279
3953328 24322
3956538 24368
3959500 24410
3962278 24452
3965384 24496
3968378 24539
3971340 24583
3974368 24627
3977360 24671
3980430 24715
3983449 24759
3986490 24803
3989494 24846
3992407 24889
3995481 24933
3998373 24976
4001373 25019
4004473 25065
4007524 25109
4010364 25151
4013418 25195
4016344 25240
4019509 25285
4022464 25327
4025260 25370
4028326 25414
4031452 25457
4034277 25500
4037351 25543
4040463 25588
4043754 25637
4046768 25681
4050073 25729
4052998 25772
4055951 25815
4058904 25857
4061970 25902
4065043 25946
4068046 25990
4070985 26033
4073922 26076
4076851 26119
4079940 26164
4083159 26212
4086084 26255
4088888 26296
4091844 26339
4094837 26382
4097954 26427
4100869 26469
4103882 26513
4107186 26564
4110441 26608
4113402 26652
4116305 26695
4119391 26739
4122374 26783
4125282 26826
4128428 26871
4131616 26917
4134646 26960
4137465 27001
4140309 27044
4143328 27088
4146413 27133
4149394 27176
4152262 27220
4155354 27264
4158246 27307
4161212 27351
4164272 27394
4167176 27437
4170255 27480
4173400 27525
4176583 27572
4179597 27615
4182682 27661
4185903 27707
4188886 27751
4191851 27795
4195002 27841
4197941 27883
4200838 27925
4203840 27968
4206793 28011
4209558 28052
4212647 28098
4215655 28142
4218613 28185
4221459 28227
4224329 28269
4227241 28313
4230097 28353
4233087 28397
4235971 28438
4238959 28481
4241948 28525
4245006 28569
4248091 28614
4251125 28661
4254289 28705
4257205 28750
4260294 28793
4263338 28837
4266333 28881
4269233 28923
4272221 28967
4275070 29007
4278059 29051
4281027 29095
4284008 29139
4286834 29180
4289845 29224
4292773 29267
4295761 29311
4298629 29353
4301417 29393
4304441 29437
4307492 29481
4310464 29524
4313338 29566
4316412 29610
4319294 29653
4322145 29696
4325305 29741
4328595 29788
4331583 29831
4334598 29875
4337406 29915
4340316 29957
4343282 30001
4346239 30044
4349430 30090
4352361 30133
4355249 30176
4358169 30220
4361173 30264
4364042 30305
4367018 30348
4369873 30390
4373073 30438
4376182 30481
4379197 30525
4382305 30570
4385202 30612
4388176 30657
4391065 30700
4394064 30744
4397181 30788
4400088 30832
4403104 30875
4406140 30919
4409221 30962
4412168 31005
4415312 31050
4418256 31094
4421196 31138
4424107 31181
4427039 31226
4430065 31270
4433623 31319
4436871 31367
4439782 31409
4442718 31451
4445777 31496
4448762 31540
4452018 31590
4455168 31634
4458160 31678
4461252 31723
4464055 31766
4467152 31810
4470370 31856
4473348 31899
4476223 31940
4479168 31983
4482061 32027
4485101 32071
4488132 32115
4491008 32159
4494384 32206
4497414 32251
4500443 32294
4503348 32337
4506230 32379
4509087 32421
4512247 32466
4515378 32511
4518368 32555
4521301 32598
4524167 32640
4526992 32684
4530057 32728
4533322 -32762
4536253 -32720
4539155 -32677
4542152 -32634
4545173 -32590
4548202 -32547
4551222 -32503
4554195 -32459
4557169 -32415
4560338 -32369
4563386 -32324
4566456 -32279
4569386 -32237
4572392 -32192
4575412 -32148
4578398 -32105
4581389 -32062
4584311 -32019
4587376 -31975
4590343 -31932
4593210 -31889
4596326 -31843
4599569 -31796
4602410 -31754
4605258 -31713
4608191 -31670
4611030 -31627
4614167 -31583
4617011 -31540
4620094 -31496
4623398 -31448
4626370 -31404
4629273 -31362
4632415 -31315
4635422 -31271
4638590 -31224
4641687 -31179
4644948 -31129
4648142 -31086
4651176 -31041
4653987 -30999
4657074 -30955
4660099 -30911
4663032 -30867
4666100 -30822
4669064 -30779
4671962 -30735
4675019 -30691
4677921 -30648
4681049 -30604
4684204 -30559
4687210 -30515
4690211 -30471
4693099 -30428
4695948 -30384
4699356 -30336
4702463 -30290
4706101 -30237
4709082 -30193
4712096 -30149
4714952 -30106
4717987 -30063
4721188 -30017
4724132 -29974
4726960 -29931
4730104 -29886
4732997 -29843
4736018 -29799
4739040 -29754
4742008 -29711
4745105 -29667
4748103 -29623
4751027 -29581
4754060 -29537
4757101 -29492
4760138 -29447
4763123 -29403
4766214 -29358
4769140 -29315
4772005 -29272
4774852 -29228
4777884 -29184
4780948 -29140
4784006 -29097
4787044 -29053
4789959 -29010
4793111 -28965
4796092 -28921
4798943 -28878
4802033 -28834
4804886 -28789
4808011 -28745
4811215 -28699
4814105 -28657
4816994 -28614
4820064 -28570
4823048 -28526
4825997 -28483
4829110 -28437
4832185 -28392
4835226 -28347
4838205 -28303
4841031 -28261
4843910 -28217
4846961 -28173
4850022 -28129
4852958 -28087
4856016 -28043
4858981 -27999
4862010 -27955
4864952 -27911
4867847 -27867
4870929 -27823
4874065 -27778
4877112 -27733
4880197 -27688
4883213 -27644
4886389 -27598
4889409 -27555
4892606 -27508
4895575 -27465
4898574 -27421
4901560 -27377
4904541 -27333
4907478 -27289
4910452 -27246
4913454 -27202
4916654 -27155
4919904 -27107
4922874 -27064
4925961 -27020
4928840 -26976
4931865 -26933
4934936 -26888
4937770 -26847
4940855 -26800
4943955 -26756
4946893 -26712
4950141 -26666
4953189 -26621
4956162 -26579
4959129 -26535
4962184 -26490
4965238 -26445
4968373 -26399
4971320 -26356
4974495 -26309
4977520 -26264
4980744 -26214
4983900 -26170
4986944 -26126
4989951 -26083
4992805 -26039
4995903 -25995
4998943 -25952
5001791 -25907
5004883 -25863
5008005 -25818
5011064 -25773
5014186 -25727
5017221 -25683
5020220 -25639
5023323 -25595
5026557 -25548
5029680 -25502
5032679 -25458
5035640 -25415
5038652 -25371
5041515 -25328
5044349 -25286
5047347 -25243
5050092 -25203
5053128 -25157
5056148 -25114
5058989 -25073
5061903 -25030
5064784 -24987
5071658 -24887
5074699 -24840
5077971 -24794
5081006 -24750
5083991 -24707
5086779 -24664
5089715 -24621
5092718 -24578
5095815 -24534
5098652 -24494
5102295 -24440
5105172 -24398
5108095 -24355
5110895 -24314
5113816 -24269
5116654 -24229
5119543 -24187
5122545 -24143
5125571 -24099
5128372 -24058
5131414 -24014
5134354 -23970
5137369 -23927
5140317 -23883
5143357 -23838
5146365 -23794
5149376 -23750
5152346 -23707
5155412 -23662
5158349 -23619
5161353 -23576
5164421 -23531
5167377 -23487
5170380 -23443
5173300 -23400
5176075 -23360
5178978 -23316
5181880 -23273
5184716 -23230
5187599 -23190
5190459 -23148
5193547 -23103
5196489 -23061
5199412 -23018
5202284 -22976
5205290 -22932
5208326 -22886
5211425 -22841
5214273 -22799
5217305 -22754
5220327 -22710
5223356 -22666
5226332 -22622
5229380 -22578
5232309 -22535
5235290 -22492
5238320 -22447
5241260 -22404

---------------------
Encoder velocity testing.
30%
---------------------

---------------------
Encoder velocity testing.
30%
---------------------

---------------------
Encoder velocity testing.
30%
---------------------
46629963 0
46632233 3
46634633 10
46636927 22
46639284 38
46641765 59
46644055 79
46646632 104
46649258 133
46651769 161
46654268 191
46656842 222
46659445 255
46661871 287
46664260 319
46666766 352
46669259 387
46671987 424
46674860 464
46677575 502
46680263 539
46682835 575
46685483 612
46688162 651
46690848 688
46693327 724
46695880 760
46698398 797
46700950 834
46703649 873
46706342 913
46708958 950
46711635 988
46714242 1026
46717008 1066
46719773 1105
46722518 1145
46725422 1188
46728263 1229
46730973 1269
46733752 1309
46736859 1355
46739855 1399
46742808 1442
46745614 1482
46748503 1524
46751413 1567
46754251 1607
46757052 1650
46759886 1689
46762609 1729
46765291 1768
46768066 1811
46770954 1851
46773628 1891
46776415 1931
46779349 1974
46782559 2021
46785381 2061
46788167 2101
46791239 2146
46794130 2189
46796908 2229
46799592 2268
46802325 2308
46805049 2350
46807898 2390
46810616 2430
46813422 2471
46816148 2510
46818831 2549
46821783 2591
46824795 2636
46827902 2680
46830788 2722
46833668 2764
46836674 2809
46839374 2848
46842075 2888
46845003 2932
46847842 2971
46850594 3011
46853251 3050
46855909 3088
46858658 3128
46862071 3179
46864799 3217
46867665 3259
46870622 3303
46873308 3343
46876081 3384
46878964 3428
46882119 3472
46885055 3515
46887900 3556
46890558 3594
46893300 3634
46896066 3675
46898807 3715
46901528 3754
46904132 3793
46906969 3836
46909770 3875
46912618 3917
46915537 3959
46918245 3999
46920950 4040
46924053 4083
46926865 4127
46929751 4166
46932667 4209
46935641 4252
46938478 4294
46941251 4335
46944096 4377
46946757 4416
46949512 4456
46952186 4495
46954886 4536
46957781 4576
46960520 4616
46963238 4655
46966179 4698
46969132 4741
46972015 4785
46974919 4828
46977887 4872
46980775 4913
46983623 4954
46986473 4995
46989141 5034
46991878 5075
46994769 5115
46997476 5155
47000234 5195
47002960 5235
47005857 5279
47008752 5319
47011491 5360
47014498 5404
47017302 5444
47020108 5485
47022867 5527
47025703 5566
47028871 5614
47031998 5657
47034766 5697
47037713 5741
47040546 5783
47043535 5826
47046285 5866
47049063 5907
47051758 5946
47054473 5986
47057185 6025
47059919 6065
47062666 6104
47065454 6145
47068411 6188
47071345 6231
47074184 6273
47077079 6316
47079910 6357
47082740 6398
47085481 6439
47088415 6481
47091188 6522
47093968 6562
47096611 6600
47099398 6640
47101979 6678
47104709 6718
47107435 6758
47110371 6802
47113167 6842
47115940 6883
47118798 6927
47121946 6970
47124666 7010
47127562 7052
47130482 7094
47133436 7137
47136093 7176
47138813 7217
47141529 7256
47144321 7297
47146999 7336
47149746 7379
47152617 7419
47155541 7462
47158418 7504
47161170 7544
47164036 7585
47166707 7626
47169614 7666
47172398 7707
47175487 7752
47178500 7796
47181615 7842
47184565 7885
47187548 7930
47190393 7971
47193482 8016
47196443 8059
47199095 8096
47201784 8137
47204524 8176
47207320 8217
47209946 8255
47212730 8298
47215555 8337
47218337 8379
47221246 8422
47224211 8465
47227116 8507
47229935 8548
47232776 8590
47235671 8634
47238637 8674
47241353 8714
47244051 8754
47246812 8795
47249545 8835
47252318 8876
47255300 8920
47257946 8958
47260777 9000
47263675 9044
47266555 9083
47269341 9124
47272121 9164
47274761 9204
47277532 9244
47280406 9287
47283319 9329
47286095 9370
47289067 9414
47291864 9456
47294668 9498
47297577 9538
47300332 9579
47303277 9621
47305986 9661
47308721 9702
47311531 9743
47314331 9784
47317020 9823
47319709 9864
47322437 9903
47325453 9947
47328401 9991
47331240 10032
47334176 10075
47337405 10122
47340441 10167
47343524 10212
47346563 10257
47349502 10300
47352365 10342
47355273 10385
47358237 10429
47361233 10473
47364258 10517
47367293 10562
47370303 10605
47373339 10650
47376404 10695
47379406 10739
47382381 10783
47385304 10826
47388262 10870
47391373 10916
47394243 10958
47397430 11005
47400302 11047
47403437 11092
47406389 11136
47409360 11180
47412302 11223
47415180 11265
47418152 11309
47420892 11350
47423774 11392
47426660 11436
47429576 11479
47432729 11524
47435799 11568
47438799 11612
47441850 11657
47444827 11700
47447816 11745
47450799 11789
47453695 11831
47456557 11875
47459563 11920
47462506 11964
47465539 12007
47468645 12051
47471519 12094
47474515 12138
47477669 12183
47480568 12226
47483586 12271
47486646 12315
47489547 12359
47492607 12404
47495772 12449
47498656 12491
47501699 12535
47504780 12580
47507814 12624
47510732 12667
47513692 12711
47516697 12755
47519494 12798
47522542 12842
47525571 12887
47528544 12931
47531539 12975
47534427 13016
47537308 13058
47540458 13106
47543649 13150
47546543 13194
47549630 13238
47552496 13282
47555483 13326
47558671 13371
47561702 13416
47564740 13460
47567515 13502
47570396 13543
47573315 13585
47576196 13627
47579110 13669
47582108 13714
47585082 13758
47588188 13804
47591262 13850
47594230 13893
47597113 13935
47600107 13979
47603069 14023
47606075 14066
47609053 14109
47611969 14153
47615273 14200
47618336 14246
47621356 14290
47624369 14338
47627557 14382
47630504 14426
47633357 14467
47636253 14509
47639143 14552
47642032 14593
47645012 14637
47647808 14678
47650768 14721
47653836 14767
47657055 14814
47660104 14859
47663060 14903
47666118 14947
47669120 14991
47672081 15035
47675003 15077
47678007 15121
47680992 15165
47684076 15210
47687015 15253
47689997 15297
47693065 15344
47696273 15394
47699623 15440
47702530 15482
47705303 15523
47708269 15566
47711263 15610
47714222 15653
47717115 15695
47719928 15737
47722937 15781
47725686 15821
47728560 15864
47731481 15908
47734358 15951
47737426 15996
47740386 16039
47743551 16084
47746553 16128
47749522 16171
47752441 16214
47755445 16258
47758839 16308
47761879 16353
47764710 16394
47767741 16439
47770763 16483
47773856 16528
47777022 16574
47780034 16618
47782939 16660
47785902 16704
47788913 16748
47791698 16789
47794574 16831
47797457 16874
47800362 16918
47803601 16964
47806656 17010
47809631 17053
47812642 17096
47815509 17138
47818444 17181
47821397 17224
47824267 17269
47827404 17313
47830240 17357
47833297 17401
47836352 17445
47839328 17489
47842344 17532
47845462 17577
47848440 17620
47851356 17663
47854332 17707
47857245 17751
47860355 17796
47863401 17840
47866224 17884
47869320 17929
47872123 17969
47875003 18011
47877880 18053
47880846 18096
47883814 18140
47886975 18186
47889883 18229
47892883 18273
47896117 18324
47899491 18371
47902400 18414
47905284 18457
47908632 18505
47911666 18549
47914671 18593
47917443 18633
47920473 18678
47923501 18723
47926387 18766
47929391 18810
47932203 18853
47935106 18894
47937979 18936
47940881 18979
47943810 19022
47946763 19065
47949578 19105
47952642 19151
47955673 19195
47958759 19240
47961742 19284
47964915 19331
47967948 19376
47970780 19418
47973761 19462
47976746 19505
47979529 19546
47982432 19588
47985339 19630
47988289 19674
47991180 19718
47994419 19765
47997591 19811
48000576 19855
48003555 19900
48006505 19943
48009502 19986
48012359 20028
48015255 20071
48018136 20114
48021134 20158
48024234 20202
48027134 20246
48030123 20291
48033276 20335
48036144 20379
48039226 20424
48042264 20468
48045195 20511
48048160 20555
48051456 20602
48054453 20645
48057428 20689
48060467 20734
48063519 20779
48066357 20821
48069215 20864
48072165 20908
48075174 20952
48078209 20996
48081112 21040
48084143 21083
48087188 21127
48090025 21171
48093119 21215
48096151 21259
48099278 21306
48102255 21349
48105301 21394
48108382 21440
48111561 21486
48114840 21533
48117804 21577
48120759 21619
48123637 21661
48126646 21706
48129676 21750
48132629 21794
48135681 21839
48138665 21883
48141833 21930
48144949 21976
48147885 22019
48150954 22064
48154521 22116
48157502 22160
48160395 22202
48163386 22246
48166202 22288
48169139 22331
48171987 22376
48175288 22422
48178131 22464
48181125 22508
48184136 22552
48186976 22596
48190140 22640
48193136 22684
48195944 22728
48199152 22773
48202093 22817
48205514 22869
48208825 22917
48211958 22965
48215123 23009
48218115 23054
48221166 23098
48224144 23141
48226969 23185
48230032 23229
48232951 23274
48236028 23318
48239035 23363
48241978 23407
48245009 23451
48248248 23498
48251337 23543
48254326 23587
48257350 23631
48260338 23675
48263271 23719
48266189 23762
48269132 23806
48272009 23849
48275050 23894
48277893 23938
48280929 23982
48284024 24026
48287252 24074
48290095 24114
48293215 24161
48296270 24206
48299318 24250
48302264 24294
48305352 24340
48308294 24383
48311178 24426
48314035 24468
48316899 24512
48320006 24556
48322841 24596
48325791 24639
48328693 24682
48331731 24727
48334713 24771
48337723 24815
48340581 24858
48343543 24903
48346516 24946
48349545 24991
48352559 25035
48355693 25081
48358611 25123
48361747 25169
48364734 25213
48367714 25257
48370662 25301
48373706 25347
48376663 25390
48379523 25433
48382446 25475
48385449 25519
48388446 25563
48391381 25606
48394578 25653
48397746 25700
48400794 25748
48403961 25793
48406965 25837
48410103 25884
48413094 25929
48416188 25974
48419203 26018
48422227 26063
48425088 26104
48427919 26146
48430828 26191
48433835 26235
48436726 26276
48439637 26319
48442574 26363
48445575 26408
48448510 26451
48451467 26494
48454542 26539
48457533 26583
48460493 26626
48463640 26673
48466676 26717
48469596 26760
48472513 26803
48475406 26846
48478417 26891
48481490 26937
48484521 26981
48487462 27024
48490413 27067
48493406 27110
48496371 27154
48499441 27199
48502400 27242
48505452 27288
48508625 27335
48511607 27379
48514757 27428
48517909 27472
48520991 27517
48524344 27566
48527483 27612
48530431 27655
48533343 27698
48536371 27743
48539362 27788
48542132 27829
48545058 27872
48547973 27916
48550888 27959
48553701 28003
48556812 28047
48559810 28090
48562770 28134
48565739 28178
48568856 28222
48571907 28268
48575064 28315
48578163 28361
48581448 28409
48584481 28454
48587451 28498
48590326 28540
48593294 28583
48596098 28624
48598945 28666
48601856 28709
48604788 28754
48607756 28798
48610740 28843
48614009 28891
48617211 28938
48620262 28982
48623245 29026
48626366 29072
48629412 29116
48632342 29159
48635294 29203
48638345 29248
48641311 29292
48644270 29336
48647295 29381
48650282 29425
48653495 29472
48656438 29515
48659531 29561
48662515 29604
48665647 29652
48669006 29699
48671921 29742
48674947 29787
48677909 29831
48680756 29874
48683655 29918
48686721 29962
48689584 30006
48692680 30050
48695698 30094
48698581 30137
48701850 30183
48704813 30227
48707854 30272
48710738 30315
48713809 30360
48716830 30405
48719680 30448
48722704 30492
48725823 30537
48728882 30582
48731915 30627
48734900 30670
48737951 30715
48740955 30761
48743930 30804
48746813 30847
48749669 30890
48752569 30935
48755621 30979
48758712 31023
48761624 31067
48764656 31110
48767936 31158
48770958 31203
48773870 31245
48776910 31290
48779945 31336
48782877 31379
48785772 31422
48788737 31466
48791627 31509
48794697 31553
48797564 31597
48800557 31641
48803468 31681
48806383 31725
48809249 31767
48812425 31814
48815400 31858
48818461 31904
48821448 31951
48824737 31997
48827755 32041
48830741 32084
48833688 32127
48836546 32171
48839452 32212
48842307 32254
48845218 32297
48848108 32340
48851169 32386
48854277 32432
48857407 32477
48860510 32525
48863692 32569
48866666 32612
48869619 32656
48872622 32700
48875749 32746
48878689 32789
48881541 32832
48884457 32877
48887937 32926
48891311 32976
48894245 33019
48897200 33062
48900147 33104
48903237 33150
48906200 33193
48909187 33238
48912170 33282
48915192 33327
48918328 33375
48921484 33422
48924700 33468
48927683 33511
48930612 33555
48933575 33598
48936590 33642
48939398 33683
48942306 33726
48945216 33770
48948088 33812
48951110 33857
48954079 33902
48957042 33945
48960339 33994
48963460 34041
48966603 34085
48969488 34129
48972448 34173
48975522 34217
48978574 34262
48981639 34307
48984543 34351
48987426 34395
48990461 34440
48993373 34484
48996422 34528
48999539 34572
49002397 34615
49005465 34659
49008790 34708
49011905 34754
49014855 34797
49017786 34840
49020804 34885
49023850 34930
49026793 34973
49029662 35015
49032540 35057
49035451 35100
49038358 35144
49041470 35189
49044584 35233
49047550 35278
49050416 35321
49053511 35367
49056590 35412
49059490 35455
49062555 35499
49065380 35542
49068522 35587
49071672 35632
49074689 35678
49077657 35721
49080594 35764
49083614 35809
49086651 35854
49089602 35898
49092448 35941
49095399 35985
49098401 36029
49101368 36072
49104358 36116
49107499 36161
49110318 36205
49113500 36249
49116602 36295
49119659 36342
49122555 36384
49125566 36429
49128720 36475
49131703 36519
49134628 36562
49137465 36603
49140316 36647
49143414 36691
49146283 36736
49149319 36780
49152389 36824
49155406 36869
49158366 36914
49161438 36957
49164416 37002
49167431 37046
49170491 37091
49173564 37136
49176739 37183
49180108 37232
49183105 37277
49185934 37318
49188917 37363
49192000 37409
49195035 37454
49197934 37496
49200856 37539
49203654 37580
49206488 37621
49209411 37664
49212296 37708
49215225 37752
49218420 37798
49221441 37841
49224490 37887
49227541 37932
49230532 37975
49233587 38021
49236484 38063
49239547 38107
49242301 38149
49245222 38193
49248271 38237
49251321 38282
49254256 38327
49257291 38371
49260376 38416
49263310 38460
49266311 38504
49269205 38548
49272299 38592
49275338 38635
49278406 38680
49281430 38725
49284511 38771
49287561 38816
49290550 38861
49293528 38904
49296600 38949
49299642 38995
49302655 39039
49305454 39080
49308312 39121
49311254 39166
49314084 39207
49317030 39248
49319889 39291
49322871 39335
49325967 39381
49329017 39426
49332025 39470
49334940 39513
49338044 39559
49341002 39602
49343895 39645
49346852 39688
49349836 39732
49352790 39776
49355771 39820
49358765 39865
49361770 39910
49364763 39954
49367770 39998
49370755 40042
49373986 40089
49377059 40134
49380090 40182
49383296 40226
49386144 40270
49389222 40315
49392275 40359
49395252 40404
49398087 40448
49401170 40492
49404048 40532
49406944 40575
49409879 40618
49412832 40661
49415860 40706
49418747 40749
49421758 40793
49424777 40838
49427730 40882
49430735 40927
49433779 40971
49437111 41022
49440326 41067
49443528 41114
49446437 41157
49449463 41202
49452538 41247
49455583 41292
49458677 41338
49461704 41383
49464693 41428
49467692 41472
49470713 41516
49473717 41560
49476700 41604
49479828 41650
49482898 41695
49485781 41738
49488787 41783
49491776 41827
49494775 41872
49497716 41916
49500636 41959
49503711 42004
49506685 42048
49509676 42092
49512632 42135
49515617 42179
49518394 42220
49521609 42268
49524756 42315
49527754 42359
49530933 42407
49534105 42454
49537345 42501
49540264 42545
49543270 42589
49546127 42631
49548949 42672
49551874 42715
49554763 42758
49557602 42801
49560623 42846
49563393 42887
49566473 42933
49569482 42978
49572507 43022
49575678 43068
49578679 43112
49581677 43157
49584715 43201
49587714 43245
49590756 43291
49593800 43337
49596894 43385
49600228 43432
49603301 43477
49606282 43520
49609264 43564
49612071 43605
49614968 43650
49618043 43694
49621218 43741
49624130 43783
49627125 43827
