
---------------------
Friction testing.
35%
---------------------
26394106 0

---------------------
Friction testing.
35%
---------------------
13146181 -5
13177786 -4
13191280 -3
13200524 -2
13209782 -1
13216446 0
13225434 1
13232110 2
13236522 3
13243352 4
13249955 5
13254403 6
13259020 7
13263736 8
13270346 9
13272848 10
13277837 11
13282729 12
13287398 13
13292074 14
13296851 15
13299308 16
13304327 17
13306816 18
13311429 19
13313914 20
13318843 21
13321208 22
13326252 23
13328907 24
13332730 25
13335141 26
13340028 27
13342441 28
13345037 29
13350000 30
13352464 31
13354877 32
13359853 33
13362299 34
13364824 35
13367169 36
13372078 37
13374572 38
13377181 39
13379809 40
13382226 41
13384769 42
13387277 43
13389809 44
13394690 45
13397089 46
13399433 47
13401992 48
13404859 49
13407257 50
13409798 51
13412476 52
13415476 53
13418139 55
13420951 56
13423522 57
13425968 58
13428359 59
13430846 60
13433204 61
13435711 62
13438635 63
13441584 64
13444531 66
13446988 67
13449357 68
13451815 69
13454423 70
13456860 71
13459769 72
13462708 74
13465575 75
13467995 76
13470805 78
13473289 79
13475690 80
13478036 81
13480474 82
13482958 83
13485267 84
13487738 86
13490129 87
13492730 88
13495257 89
13497729 91
13500135 92
13503793 94
13506241 95
13508922 96
13511331 97
13513736 99
13516276 100
13518777 101
13521379 103
13523943 104
13526443 105
13529027 107
13531661 108
13534182 110
13536804 111
13539398 112
13542145 114
13544710 115
13547249 117
13549817 118
13552306 120
13554760 121
13557319 123
13559849 124
13562385 126
13565111 127
13567874 129
13570445 130
13572997 132
13575692 133
13578166 135
13580661 136
13583284 138
13585820 140
13588416 141
13591003 143
13593781 144
13596343 146
13598865 148
13601407 149
13604011 151
13606746 153
13609335 155
13611957 156
13614621 158
13617195 160
13619785 162
13622452 163
13625122 165
13627837 167
13630638 169
13633190 171
13635700 173
13638315 174
13640957 176
13643721 178
13646217 180
13648808 182
13651369 184
13653879 186
13656628 188
13659198 190
13661674 191
13664209 193
13666788 195
13669431 197
13672121 199
13674772 201
13677261 203
13679807 205
13682545 207
13685181 209
13687947 212
13690768 214
13693234 216
13695855 218
13698392 220
13700933 222
13703618 224
13706140 226
13708683 228
13711227 231
13713778 233
13716318 235
13718865 237
13721575 239
13724181 242
13726698 244
13729309 246
13732019 248
13734753 251
13737545 253
13740189 255
13742896 258
13745684 260
13748206 262
13750752 265
13753390 267
13755932 269
13758799 272
13761330 274
13763895 277
13766512 279
13769106 281
13771637 284
13774188 286
13776727 289
13779189 291
13781588 293
13783975 296
13786762 298
13789538 301
13792171 303
13794727 306
13797205 308
13799758 311
13802438 314
13804933 316
13807627 319
13810241 321
13812714 324
13815257 326
13817817 329
13820457 332
13823092 335
13825653 337
13828207 340
13830707 343
13833240 345
13835760 348
13838481 351
13841100 353
13843559 356
13846124 359
13848658 361
13851211 364
13853817 367
13856502 370
13859044 373
13861580 376
13864109 378
13866633 381
13869437 384
13872130 387
13874702 390
13877230 393
13879687 395
13882418 398
13885023 401
13887555 404
13890133 407
13892663 410
13895226 413
13897775 416
13900327 418
13902769 421
13905402 424
13907945 427
13910438 430
13913000 433
13915840 437
13918418 439
13921099 443
13923726 446
13926379 449
13928971 452
13931476 455
13934013 458
13936665 461
13939197 464
13941765 468
13944411 470
13946896 474
13949469 477
13951968 480
13954413 483
13957227 486
13959941 489
13962560 493
13965114 496
13967605 499
13970357 502
13972968 505
13975419 508
13977959 511
13980562 515
13983060 518
13985691 521
13988332 524
13990954 528
13993464 531
13995955 534
13998512 537
14001219 541
14003872 544
14006367 547
14008957 551
14011378 554
14013777 557
14016304 560
14018944 564
14021491 567
14024053 571
14026566 574
14029167 577
14031574 580
14034279 584
14036730 588
14039436 591
14042010 594
14044718 598
14047433 602
14049969 605
14052536 609
14055081 612
14057610 616
14060231 619
14062643 623
14065310 626
14067752 630
14070411 633
14072936 637
14075406 640
14077931 644
14080526 647
14082997 651
14085373 654
14087887 658
14090478 661
14093305 665
14095748 669
14098315 672
14100847 676
14103485 680
14106012 685
14108494 688
14111324 692
14113769 696
14116314 699
14118814 703
14121470 707
14123959 711
14126493 714
14129299 719
14131900 722
14134463 726
14137228 730
14139754 734
14142269 738
14144874 742
14147331 745
14149950 750
14152531 753
14155215 757
14157747 761
14160259 765
14162813 769
14165302 773
14167666 777
14170328 781
14172941 785
14175678 789
14178292 793
14180766 797
14183350 801
14185930 805
14188550 809
14191245 813
14193676 817
14196257 821
14198807 825
14201315 829
14203899 833
14206496 837
14209184 842
14211681 846
14214358 850
14217031 855
14219474 858
14222199 863
14224799 867
14227320 871
14229838 876
14232479 880
14234968 884
14237561 889
14240252 893
14242762 897
14245373 901
14247785 905
14250184 909
14252940 914
14255583 918
14258263 923
14260726 927
14263255 931
14265893 935
14268388 940
14271165 944
14273716 949
14276190 953
14278764 957
14281222 961
14283630 966
14286208 970
14288753 974
14291368 979
14294019 983
14296578 988
14299302 992
14301850 997
14304414 1001
14307234 1006
14309849 1010
14312532 1015
14315413 1020
14318140 1024
14320930 1029
14323577 1034
14326304 1039
14329154 1043
14331835 1048
14334507 1053
14337431 1058
14340138 1063
14342754 1067
14345432 1072
14348062 1077
14350704 1081
14353469 1086
14356383 1091
14359097 1096
14361826 1101
14364414 1105
14367051 1110
14369697 1115
14372287 1119
14375232 1125
14378179 1130
14380731 1134
14383456 1139
14386366 1144
14389183 1149
14391887 1154
14394535 1159
14397252 1164
14400048 1169
14402654 1173
14405376 1178
14408108 1183
14410757 1188
14413339 1193
14416309 1199
14419038 1203
14421740 1209
14424448 1214
14427338 1219
14430064 1224
14432721 1229
14435386 1234
14438233 1239
14441113 1245
14443689 1250
14446223 1255
14449070 1260
14451666 1265
14454283 1270
14457194 1275
14460082 1281
14462757 1286
14465430 1291
14468153 1296
14471084 1302
14473836 1307
14476468 1313
14479223 1318
14482008 1324
14484652 1329
14487439 1335
14490246 1340
14493045 1346
14495789 1351
14498645 1357
14501323 1362
14504032 1368
14506746 1373
14509424 1379
14512129 1384
14515018 1390
14517783 1396
14520583 1401
14523414 1408
14526299 1413
14529025 1419
14531597 1424
14534186 1429
14537137 1435
14540019 1441
14542753 1447
14545382 1453
14548137 1458
14550960 1464
14553743 1470
14556469 1476
14559100 1482
14561704 1487
14564409 1493
14567132 1499
14569946 1505
14572555 1510
14575316 1516
14578288 1523
14581253 1528
14583903 1534
14586670 1540
14589429 1546
14592280 1552
14594942 1558
14597673 1564
14600374 1570
14603140 1576
14605932 1582
14608597 1588
14611316 1594
14614113 1600
14616949 1606
14619688 1612
14623169 1620
14625951 1626
14628547 1632
14631244 1638
14633962 1644
14636953 1650
14639693 1656
14642363 1663
14645197 1669
14648154 1675
14650893 1681
14653490 1688
14656247 1695
14659176 1701
14661881 1707
14664609 1714
14667255 1720
14670020 1726
14672926 1733
14675532 1739
14678059 1745
14680657 1751
14683382 1757
14686049 1763
14688681 1769
14691414 1776
14694026 1782
14696853 1788
14699473 1794
14702185 1801
14705044 1807
14707892 1814
14710640 1821
14713277 1827
14716170 1834
14718811 1840
14721661 1847
14724300 1854
14726953 1860
14729539 1866
14732296 1873
14734986 1879
14737826 1886
14740621 1893
14743307 1899
14745937 1906
14748492 1912
14751215 1919
14754013 1925
14756827 1932
14759603 1939
14762369 1946
14765043 1953
14767801 1959
14770499 1966
14773237 1973
14776035 1980
14778777 1987
14781969 1995
14784753 2002
14787455 2008
14790310 2015
14793187 2022
14796091 2029
14798768 2036
14801472 2043
14804231 2050
14806938 2056
14809744 2063
14812337 2070
14815061 2076
14817762 2083
14820365 2090
14823088 2096
14825817 2103
14828483 2110
14831168 2117
14833929 2123
14837054 2131
14839809 2138
14842503 2145
14845253 2152
14847988 2158
14850729 2165
14853441 2172
14856260 2179
14859121 2187
14861921 2194
14864736 2201
14867329 2207
14870091 2215
14873002 2222
14875774 2229
14878536 2236
14881261 2243
14883930 2250
14886774 2257
14889443 2264
14892168 2271
14894989 2279
14897713 2286
14900442 2293
14903189 2300
14905910 2307
14908697 2314
14911284 2321
14913996 2328
14916716 2336
14919446 2343
14922268 2351
14925002 2358
14927705 2365
14930300 2372
14933053 2380
14935898 2387
14938787 2395
14941652 2403
14944401 2410
14947124 2418
14949827 2425
14952635 2432
14955305 2440
14957981 2447
14960692 2454
14963501 2462
14966173 2470
14968831 2477
14971695 2485
14974456 2493
14977141 2500
14979887 2508
14982615 2515
14985344 2523
14988061 2531
14990945 2538
14993633 2546
14996317 2553
14998990 2561
15001609 2568
15004523 2576
15007279 2584
15009906 2591
15012644 2599
15015385 2607
15018021 2615
15020842 2623
15023640 2631
15026415 2638
15029183 2646
15031817 2654
15034549 2662
15037224 2669
15039992 2677
15042858 2686
15045627 2693
15048359 2701
15051068 2709
15053887 2717
15056621 2725
15059314 2733
15062047 2741
15064913 2749
15067595 2757
15070383 2765
15073183 2773
15075804 2781
15078539 2789
15081186 2796
15083863 2804
15086567 2812
15089394 2821
15092112 2829
15094751 2837
15097579 2845
15100158 2853
15102758 2861
15105677 2870
15108410 2878
15111057 2886
15113807 2894
15116519 2902
15119211 2910
15121980 2919
15124844 2927
15127636 2936
15130270 2944
15133004 2952
15135839 2960
15138658 2969
15141315 2977
15143967 2986
15146687 2994
15149528 3003
15152151 3010
15154922 3019
15157788 3028
15160482 3036
15163140 3044
15165887 3053
15168570 3061
15171340 3069
15174214 3078
15177017 3087
15179776 3095
15182495 3104
15185222 3112
15187996 3121
15190714 3129
15193501 3137
15196192 3146
15198785 3154
15201510 3162
15204269 3170
15206991 3179
15209855 3188
15212818 3197
15215528 3205
15218142 3213
15220983 3222
15223799 3231
15226503 3239
15229236 3248
15231971 3257
15234645 3265
15237513 3274
15240227 3282
15242972 3291
15245676 3299
15248547 3308
15251416 3317
15254206 3326
15257025 3335
15259772 3344
15262532 3353
15265185 3361
15267890 3371
15270716 3379
15273496 3388
15276206 3397
15278916 3406
15281586 3415
15284179 3423
15286716 3431
15289488 3440
15292304 3449
15295203 3459
15298023 3469
15300668 3477
15303487 3486
15306209 3495
15308897 3505
15311724 3513
15314458 3522
15317262 3532
15319906 3541
15322826 3551
15325640 3559
15328465 3569
15331176 3578
15333845 3588
15336681 3597
15339508 3606
15342092 3614
15344973 3624
15347685 3633
15350464 3643
15353236 3652
15355931 3661
15358808 3671
15361624 3680
15364429 3690
15367023 3698
15369801 3708
15372899 3719
15375775 3728
15378469 3737
15381237 3747
15383895 3756
15386775 3765
15389502 3775
15392138 3784
15394757 3793
15397417 3802
15400181 3812
15402857 3821
15405601 3830
15408405 3840
15411018 3849
15413732 3859
15416529 3868
15419377 3878
15422109 3888
15424818 3898
15427640 3907
15430446 3917
15433098 3926
15435779 3937
15438751 3946
15441419 3956
15444152 3965
15446802 3975
15449521 3984
15452332 3994
15455173 4005
15458054 4015
15460813 4025
15463704 4035
15466378 4044
15469080 4053
15471870 4064
15474698 4074
15477410 4083
15480128 4093
15482844 4103
15485498 4112
15488173 4121
15490803 4131
15493518 4140
15496463 4150
15499351 4161
15502083 4170
15504808 4180
15507654 4190
15510422 4200
15513098 4209
15515746 4219
15518636 4229
15521390 4238
15524094 4248
15526770 4258
15529531 4267
15532335 4277
15534906 4286
15537670 4296
15540375 4306
15543277 4316
15546154 4327
15549006 4337
15551723 4348
15554680 4358
15557357 4367
15560057 4377
15562771 4387
15565496 4397
15568355 4407
15571194 4418
15573896 4427
15576516 4437
15579315 4447
15581920 4457
15584618 4467
15587446 4478
15590218 4488
15592891 4498
15595579 4508
15598452 4518
15601331 4529
15604111 4539
15606786 4549
15609506 4559
15612299 4569
15614840 4579
15617592 4589
15620297 4599
15622993 4609
15625960 4621
15628671 4631
15631378 4641
15634083 4651
15636846 4661
15639532 4671
15642324 4682
15645010 4692
15647708 4703
15650571 4713
15653322 4724
15655988 4734
15658774 4745
15661588 4755
15664286 4765
15667110 4776
15669820 4786
15672489 4796
15675292 4807
15677883 4817
15680582 4827
15683303 4838
15686021 4849
15688852 4860
15691475 4870
15694326 4881
15697052 4891
15699759 4902
15702463 4912
15705109 4922
15707835 4933
15710599 4944
15713432 4955
15716250 4966
15718948 4976
15721718 4988
15724623 4999
15727288 5009
15730591 5022
15733755 5034
15736956 5046
15740183 5059
15743320 5071
15746270 5082
15749414 5095
15752943 5108
15756130 5121
15759341 5133
15762664 5146
15765881 5158
15768929 5169
15772136 5181
15775312 5193
15778500 5205
15781632 5218
15784864 5230
15787945 5242
15791008 5253
15794008 5264
15797430 5277
15800568 5289
15803617 5301
15806847 5312
15809821 5324
15812864 5335
15815971 5347
15819126 5359
15822271 5371
15825337 5382
15828304 5393
15831331 5405
15834502 5416
15837870 5429
15840959 5441
15843945 5452
15847042 5464
15850103 5476
15853124 5487
15856193 5499
15859188 5510
15862279 5521
15865364 5533
15868498 5544
15871619 5557
15874843 5568
15878002 5580
15881351 5592
15884356 5603
15887614 5615
15890847 5626
15893881 5636
15896954 5647
15899890 5657
15902861 5667
15905962 5677
15908953 5687
15912031 5698
15915061 5710
15918259 5722
15921656 5735
15924839 5746
15927983 5758
15931015 5769
15934077 5780
15937250 5792
15940632 5805
15943813 5816
15946785 5827
15949766 5838
15952681 5849
15955820 5861
15959186 5873
15962348 5885
15965347 5896
15968451 5907
15971610 5919
15974817 5930
15977925 5942
15980936 5953
15983991 5964
15987055 5976
15990132 5987
15993220 5999
15996153 6009
15999044 6020
16002060 6031
16005323 6043
16008635 6055
16011822 6066
16014897 6077
16017893 6088
16020924 6099
16023985 6110
16026964 6121
16030080 6132
16033154 6143
16036167 6154
16039239 6165
16042464 6177
16045825 6188
16048939 6199
16051945 6210
16055209 6222
16058291 6233
16061355 6244
16064666 6256
16067963 6267
16071130 6278
16074204 6289
16077496 6301
16080583 6311
16083565 6322
16086938 6334
16090004 6345
16092994 6355
16096169 6366
16099318 6378
16102282 6388
16105388 6399
16108469 6409
16111713 6422
16114895 6432
16117913 6443
16120931 6454
16123970 6464
16127117 6476
16130315 6487
16133464 6498
16136747 6510
16140009 6521
16142964 6531
16146120 6542
16149129 6553
16152181 6563
16155293 6574
16158398 6585
16161483 6596
16164353 6606
16167267 6616
16170545 6628
16173921 6640
16177144 6651
16180222 6661
16183268 6672
16186137 6682
16189304 6693
16192418 6703
16195443 6714
16198462 6724
16201485 6735
16204618 6746
16207854 6758
16211359 6769
16214477 6780
16217475 6790
16220739 6802
16223956 6813
16226991 6823
16230068 6834
16233238 6845
16236292 6855
16239298 6866
16242398 6876
16245447 6887
16248369 6897
16251505 6908
16254813 6919
16257977 6930
16261356 6941
16264423 6952
16267499 6962
16270744 6974
16273987 6986
16277272 6997
16280281 7007
16283461 7018
16286390 7028
16289574 7039
16292900 7050
16296047 7061
16299147 7072
16302241 7082
16305425 7093
16308531 7103
16311575 7113
16314698 7124
16317740 7134
16320842 7144
16324060 7156
16327314 7166
16330298 7176
16333489 7187
16336868 7198
16340100 7210
16343272 7220
16346380 7230
16349513 7241
16352530 7251
16355752 7262
16358905 7272
16362385 7283
16365339 7293
16368353 7303
16371496 7313
16374621 7324
16377982 7335
16381249 7346
16384401 7356
16387621 7367
16390769 7377
16393728 7387
16396774 7397
16399857 7407
16402957 7417
16406196 7428
16409463 7438
16412440 7448
16415454 7458
16418358 7468
16421625 7479
16424927 7489
16428201 7501
16431400 7510
16434393 7520
16437577 7530
16440551 7540
16443603 7550
16446672 7560
16449778 7570
16452847 7580
16455907 7590
16458971 7600
16461985 7610
16464989 7619
16468648 7631
16471791 7641
16475000 7652
16478045 7662
16481215 7672
16484255 7682
16487349 7692
16490666 7702
16493821 7712
16496908 7722
16499873 7732
16502964 7742
16506225 7752
16509598 7763
16512757 7774
16515869 7784
16518912 7793
16522153 7804
16525440 7815
16528717 7825
16531808 7835
16534820 7844
16537905 7854
16540995 7864
16543927 7873
16546953 7883
16550036 7893
16553432 7904
16556852 7915
16560055 7925
16563211 7935
16566402 7945
16569511 7955
16572848 7965
16576239 7976
16579456 7987
16582731 7996
16585824 8006
16589821 8019
16593654 8031
16596747 8041
16599733 8050
16602826 8060
16605974 8070
16608931 8079
16612005 8088
16615095 8098
16618270 8108
16621691 8119
16624934 8129
16628124 8139
16631515 8149
16634949 8159
16638132 8169
16641186 8178
16644209 8188
16647232 8197
16650275 8206
16653523 8217
16656687 8227
16660016 8237
16663245 8246
16666382 8256
16669395 8265
16672787 8275
16676162 8286
16679231 8295
16682261 8304
16685561 8314
16688742 8324
16691861 8333
16694960 8342
16697957 8351
16701012 8360
16704142 8370
16707192 8379
16710148 8388
16713457 8398
16716642 8407
16719768 8417
16722995 8426
16725952 8435
16729120 8445
16732083 8454
16735161 8463
16738338 8473
16741473 8482
16744708 8492
16747851 8501
16750933 8510
16754119 8519
16757498 8530
16760656 8539
16763726 8548
16766780 8558
16770128 8567
16773256 8576
16776389 8586
16779508 8595
16782562 8604
16785546 8613
16788904 8623
16791997 8632
16795207 8641
16798458 8650
16801531 8659
16804608 8668
16807832 8678
16811114 8687
16814149 8695
16817232 8704
16820307 8713
16823423 8722
16826555 8731
16829582 8740
16832612 8749
16835797 8758
16839168 8768
16842280 8777
16845362 8786
16848460 8795
16851485 8804
16854638 8813
16857654 8822
16860877 8832
16863957 8841
16867187 8850
16870268 8859
16873464 8868
16876592 8877
16879853 8887
16883012 8896
16886367 8905
16889605 8914
16892669 8923
16895994 8933
16899252 8942
16902306 8951
16905470 8960
16908729 8969
16911809 8978
16915291 8988
16918435 8997
16921757 9007
16925186 9016
16928242 9025
16931312 9034
16934475 9043
16937641 9052
16940712 9060
16943810 9069
16946853 9078
16950106 9088
16953444 9097
16956616 9106
16959946 9115
16963239 9124
16966516 9133
16969644 9142
16972767 9151
16975871 9159
16979101 9168
16982147 9177
16985537 9186
16988928 9196
16992231 9205
16995434 9214
16998599 9223
17001762 9231
17005015 9240
17008182 9250
17011404 9258
17014300 9266
17017422 9274
17020534 9283
17023662 9291
17026886 9300
17030292 9310
17033434 9318
17036488 9326
17039639 9335
17043046 9344
17046247 9353
17049407 9361
17052406 9370
17055607 9378
17058758 9387
17061813 9395
17064891 9403
17068038 9412
17071357 9421
17074675 9430
17077942 9438
17081329 9448
17084477 9456
17087576 9465
17090939 9474
17093992 9482
17097063 9490
17100032 9498
17103384 9507
17106744 9516
17109785 9524
17112950 9533
17116241 9542
17119607 9551
17123190 9560
17126437 9569
17129519 9577
17132571 9585
17135616 9593
17138792 9601
17141912 9609
17144994 9618
17148240 9626
17151459 9635
17154848 9643
17158045 9652
17161698 9662
17164920 9670
17167912 9678
17171054 9687
17174118 9695
17177195 9703
17180239 9711
17183571 9720
17186792 9729
17190044 9737
17193301 9745
17196527 9754
17199842 9763
17203083 9771
17206158 9779
17209488 9788
17212866 9796
17215937 9804
17218940 9812
17222161 9821
17225453 9829
17228529 9838
17231780 9846
17234718 9854
17237801 9862
17241791 9872
17245049 9881
17248269 9889
17251243 9896
17254601 9905
17257986 9914
17261073 9922
17264142 9930
17267147 9938
17270279 9946
17273530 9954
17276695 9962
17279958 9971
17283118 9979
17286592 9988
17289856 9996
17292963 10004
17296031 10011
17299279 10019
17302643 10028
17306125 10037
17309466 10045
17312893 10054
17316263 10063
17319770 10072
17323141 10080
17326717 10089
17330083 10097
17333322 10105
17336856 10114
17340170 10123
17343452 10131
17346703 10139
17350255 10148
17353517 10156
17356934 10164
17360327 10173
17363995 10182
17367333 10190
17370919 10199
17374160 10207
17377382 10215
17380743 10224
17384142 10232
17387542 10240
17390946 10249
17394232 10257
17397503 10265
17400768 10273
17404212 10281
17408033 10290
17411259 10298
17414409 10306
17417490 10313
17420883 10322
17424167 10330
17427410 10338
17430689 10346
17433909 10354
17437419 10362
17440883 10371
17444376 10379
17447687 10387
17450857 10394
17454303 10402
17457557 10410
17460936 10418
17464358 10426
17467530 10434
17471032 10442
17474599 10451
17477932 10459
17481400 10467
17484631 10475
17487940 10483
17491983 10493
17495311 10501
17498674 10509
17501962 10517
17505470 10525
17508729 10533
17512487 10542
17515814 10549
17519141 10557
17522995 10567
17526468 10575
17529574 10582
17533307 10591
17536701 10599
17540072 10607
17543408 10615
17546639 10622
17550047 10631
17553677 10639
17556987 10647
17560365 10654
17563641 10662
17567141 10670
17570731 10678
17574438 10688
17577641 10695
17580844 10702
17584217 10710
17587515 10718
17590738 10725
17594184 10734
17597602 10742
17600890 10749
17604253 10757
17607627 10765
17611115 10773
17614482 10780
17618320 10789
17621738 10797
17624881 10805
17628079 10812
17631329 10820
17634522 10827
17637956 10835
17641379 10843
17644652 10850
17647855 10858
17651202 10866
17654601 10873
17658113 10882
17661439 10889
17664634 10896
17667907 10904
17671283 10912
17674545 10919
17677921 10927
17681386 10935
17684690 10942
17688121 10950
17691529 10958
17694792 10965
17698126 10973
17701520 10980
17704886 10988
17708081 10995
17711279 11003
17714672 11010
17717897 11017
17721365 11025
17724757 11033
17727921 11040
17731215 11047
17734365 11054
17737640 11061
17741152 11069
17744500 11077
17747677 11084
17750840 11091
17754023 11098
17757439 11106
17760684 11113
17763899 11120
17767131 11127
17770392 11134
17773761 11141
17776955 11148
17780361 11156
17783849 11164
17787044 11171
17790396 11178
17793835 11186
17797012 11193
17800366 11200
17803748 11208
17807748 11217
17811116 11224
17814430 11231
17817721 11238
17821284 11246
17824783 11254
17828150 11261
17831448 11268
17834722 11275
17838043 11282
17841308 11289
17844557 11296
17847922 11303
17851096 11310
17854634 11318
17858016 11325
17861579 11333
17865169 11341
17868551 11348
17872201 11356
17875553 11363
17878808 11370
17882022 11377
17885299 11384
17888662 11391
17891938 11398
17895190 11405
17898594 11412
17902045 11419
17905534 11427
17908990 11434
17912107 11440
17915585 11448
17919025 11455
17922345 11462
17925599 11469
17928962 11476
17932260 11483
17935561 11490
17938702 11497
17942010 11504
17945180 11510
17948598 11518
17952057 11525
17955277 11531
17958414 11538
17961666 11545
17965120 11552
17968281 11558
17971823 11566
17975163 11573
17978354 11580
17981658 11587
17984943 11593
17988282 11600
17991639 11607
17995015 11614
17998273 11621
18001504 11628
18004771 11635
18008108 11641
18011277 11648
18014369 11654
18017789 11662
18021221 11669
18024568 11675
18027909 11682
18030987 11689
18034122 11695
18037951 11703
18041332 11710
18044482 11716
18047726 11723
18050905 11730
18054225 11736
18057524 11743
18060913 11750
18064352 11757
18067818 11765
18071306 11771
18074781 11779
18078403 11786
18081580 11792
18084820 11799
18088644 11807
18091865 11814
18095250 11821
18098398 11827
18101668 11834
18105158 11841
18108447 11848
18111846 11855
18117611 11866
18121260 11874
18124538 11881
18127910 11888
18131238 11894
18134411 11900
18137688 11907
18140977 11914
18144385 11921

---------------------
Friction testing.
35%
---------------------
13306847 3
13313259 4
13339735 5
13350306 6
13359441 7
13368211 8
13374750 9
13383056 10
13387783 11
13394768 12
13399462 13
13406776 14
13411502 15
13416027 16
13420755 17
13425384 18
13427953 19
13432716 20
13437312 21
13442047 22
13444286 23
13449051 24
13451473 25
13456125 26
13460734 27
13463014 28
13465320 29
13470113 30
13472517 31
13477248 32
13479801 33
13482148 34
13486780 35
13489207 36
13491615 37
13493924 38
13498767 39
13501066 40
13503511 41
13505751 42
13510242 43
13512596 44
13514960 45
13517362 46
13519852 47
13522312 48
13524895 49
13527151 50
13531736 51
13533952 52
13536469 53
13538772 54
13541084 55
13543549 56
13545876 57
13548166 58
13550511 59
13552947 61
13555343 62
13557745 63
13560069 64
13562265 65
13564697 66
13567020 67
13569349 68
13571905 69
13574225 71
13576716 72
13578944 73
13581352 74
13583828 75
13586155 77
13588503 78
13590891 79
13593241 80
13595720 81
13597938 83
13600137 84
13602462 85
13604928 86
13607343 88
13609719 89
13612105 91
13614431 92
13616768 93
13619097 95
13621558 96
13623920 97
13626256 99
13628813 100
13631261 102
13633812 103
13636279 105
13638937 106
13641424 108
13643952 109
13646459 111
13648977 113
13651592 114
13654088 116
13656740 117
13659081 119
13661471 121
13663833 122
13666276 124
13668872 126
13671404 127
13673939 129
13676500 131
13679011 132
13681497 134
13683898 136
13686402 137
13688913 139
13691341 141
13693937 143
13696355 145
13698848 146
13701329 148
13703846 150
13706413 152
13708961 154
13711380 156
13713758 158
13716127 159
13718777 161
13721318 163
13723763 165
13726208 167
13728902 169
13731282 171
13733818 173
13736341 175
13738993 177
13741467 179
13743883 181
13746355 183
13748815 185
13751360 187
13753940 189
13756430 191
13759016 193
13761469 195
13763849 197
13766306 200
13768878 202
13771464 204
13773872 206
13776266 208
13778878 210
13781366 212
13783880 215
13786370 217
13788947 219
13791397 221
13793778 223
13796137 225
13798570 228
13801169 230
13803838 232
13806360 235
13808887 237
13811215 239
13813792 241
13816132 244
13818799 246
13821334 249
13823803 251
13826163 253
13828746 256
13831147 258
13833689 260
13836310 263
13838800 265
13841283 267
13843830 270
13846263 272
13848822 275
13851416 277
13853957 280
13856412 282
13858847 285
13861378 287
13863940 290
13866448 292
13868945 295
13871641 298
13874101 300
13876652 303
13879170 306
13881955 308
13884517 311
13887120 314
13889777 317
13892435 319
13895037 322
13897726 325
13900188 328
13902896 330
13905353 333
13907855 336
13910255 338
13912831 341
13915321 344
13917953 347
13920543 350
13923103 352
13925846 355
13928252 358
13930786 361
13933152 363
13935804 366
13938325 369
13940859 372
13943386 375
13945894 378
13948265 381
13950896 384
13953503 387
13956010 390
13958460 392
13960847 395
13963192 398
13965758 401
13968203 404
13970909 407
13973510 410
13975957 413
13978337 416
13980894 419
13983309 422
13985909 425
13988381 428
13990968 431
13993428 434
13995776 437
13998172 440
14000766 443
14003392 446
14005883 449
14008390 452
14010766 455
14013218 458
14015916 461
14018595 465
14021191 468
14023793 471
14026190 475
14028728 478
14031082 481
14033681 484
14036157 487
14038826 491
14041348 494
14043906 497
14046493 501
14049070 504
14051723 508
14054275 511
14056762 514
14059133 518
14061720 521
14064035 524
14066478 527
14069134 531
14071754 534
14074387 538
14076896 541
14079409 545
14081905 548
14084341 552
14086939 555
14089415 559
14091873 562
14094294 565
14096896 569
14099390 572
14101865 576
14104427 579
14106959 583
14109466 586
14111925 590
14114326 593
14116734 597
14119399 600
14121885 604
14124373 607
14126927 611
14129633 615
14131983 618
14134437 622
14137128 626
14139918 630
14142355 633
14144754 637
14147132 641
14149797 644
14152277 648
14154822 652
14157319 656
14159896 659
14162441 663
14164960 667
14167707 671
14170312 675
14172805 679
14175266 683
14177653 686
14180035 690
14182399 693
14184893 697
14187511 701
14189886 705
14192245 708
14194787 712
14197220 716
14199815 720
14202371 724
14204923 728
14207364 732
14209720 736
14212092 739
14214618 743
14217026 747
14219749 752
14222177 756
14224672 759
14227074 763
14229676 767
14232209 772
14234846 776
14237319 780
14239781 784
14242161 788
14244719 792
14247128 796
14249679 800
14252116 804
14254803 809
14257281 813
14259723 817
14262313 821
14264768 825
14267134 829
14269793 833
14272286 837
14274802 841
14277166 846
14279726 850
14282091 854
14284714 858
14287240 862
14289852 867
14292369 871
14294858 875
14297354 879
14299720 883
14302247 888
14304769 892
14307242 896
14309823 901
14312315 905
14314677 909
14317020 913
14319727 918
14322225 922
14324812 927
14327248 931
14329623 935
14331970 939
14334440 944
14337048 948
14339569 953
14342107 957
14344819 962
14347278 966
14349646 970
14352137 975
14354837 980
14357280 984
14359699 988
14362095 993
14364563 998
14366949 1001
14369741 1006
14372330 1011
14375043 1016
14377696 1020
14380226 1025
14382851 1030
14385731 1035
14388468 1040
14391110 1045
14393879 1050
14396425 1055
14398922 1059
14401668 1064
14404287 1069
14406914 1074
14409577 1079
14412289 1084
14414962 1089
14417679 1094
14420430 1099
14423040 1104
14425578 1109
14428180 1114
14430838 1119
14433617 1124
14436375 1130
14439051 1135
14441961 1140
14444707 1146
14447375 1151
14449864 1156
14452686 1161
14455418 1167
14458091 1172
14460812 1177
14463608 1183
14466157 1188
14469033 1194
14471831 1199
14474658 1204
14477299 1210
14479997 1215
14482632 1220
14485261 1226
14487975 1231
14490603 1236
14493150 1241
14495895 1247
14498599 1252
14501219 1258
14503967 1263
14506721 1269
14509379 1274
14512076 1280
14514914 1286
14517677 1292
14520517 1297
14523256 1303
14525817 1308
14528590 1314
14531198 1319
14533822 1325
14536693 1331
14539437 1336
14542079 1342
14544769 1348
14547315 1353
14549870 1358
14552659 1364
14555378 1370
14558112 1376
14560754 1381
14563311 1386
14565894 1392
14568654 1397
14571445 1403
14574006 1409
14576563 1414
14579063 1420
14581785 1425
14584393 1431
14586982 1437
14589643 1442
14592160 1448
14594909 1454
14597642 1459
14600383 1465
14603155 1471
14605810 1477
14608651 1483
14611214 1489
14613703 1494
14616263 1500
14618929 1506
14621616 1512
14624249 1518
14626953 1524
14629650 1530
14632267 1536
14634880 1541
14637619 1548
14640192 1553
14642825 1559
14645532 1565
14648239 1571
14651101 1578
14653881 1584
14656574 1590
14659347 1596
14662010 1603
14664864 1609
14667637 1615
14670371 1622
14673011 1628
14675743 1634
14678330 1640
14681017 1647
14683830 1653
14686648 1659
14689348 1666
14692159 1672
14694753 1678
14697293 1684
14699777 1690
14702673 1697
14705283 1703
14708007 1710
14710961 1717
14713544 1723
14716075 1729
14718934 1735
14721617 1742
14724293 1748
14727020 1755
14729677 1761
14732240 1767
14734884 1774
14737685 1781
14740349 1787
14742988 1794
14745839 1801
14748666 1808
14751414 1814
14754070 1821
14756760 1827
14759904 1835
14762546 1841
14765210 1848
14767768 1854
14770582 1861
14773277 1868
14775890 1874
14778578 1881
14781216 1888
14783995 1895
14786872 1902
14789545 1908
14792161 1915
14794741 1921
14797333 1928
14799965 1935
14802713 1942
14805359 1948
14808022 1955
14810801 1962
14813633 1969
14816318 1976
14818931 1982
14821617 1989
14824323 1996
14826809 2002
14829484 2009
14832120 2016
14834938 2023
14837603 2030
14840332 2037
14843001 2044
14845799 2051
14848515 2058
14851200 2065
14853922 2072
14856613 2079
14859231 2085
14861757 2092
14864563 2099
14867056 2106
14869886 2113
14872600 2120
14875321 2128
14878029 2135
14881285 2143
14883910 2150
14886754 2158
14889557 2165
14892176 2172
14894834 2179
14897482 2186
14899978 2193
14902860 2200
14905597 2208
14908204 2215
14910915 2222
14913589 2229
14916108 2236
14918776 2243
14921593 2251
14924137 2258
14926717 2265
14929476 2272
14932064 2279
14934916 2288
14937815 2295
14940600 2302
14943165 2310
14945662 2316
14948204 2323
14950801 2330
14953562 2338
14956246 2345
14958922 2352
14961514 2359
14964264 2367
14966957 2375
14969964 2383
14972714 2391
14975240 2398
14977746 2405
14980450 2412
14983008 2420
14985862 2427
14988624 2435
14991175 2442
14993707 2449
14996541 2457
14999232 2465
15001977 2473
15004923 2481
15007647 2488
15010186 2495
15012721 2503
15015449 2510
15018119 2518
15020889 2526
15023538 2534
15026179 2541
15028774 2549
15031530 2557
15034249 2565
15037040 2573
15039787 2580
15042496 2588
15045011 2596
15047748 2603
15050509 2611
15053270 2619
15055914 2627
15058583 2635
15061277 2643
15063892 2651
15066432 2658
15069086 2666
15071741 2674
15074443 2682
15077078 2690
15079781 2698
15082449 2705
15085127 2713
15087901 2722
15090739 2730
15093619 2739
15096436 2747
15098977 2755
15101823 2764
15104515 2772
15107209 2780
15109902 2789
15112776 2797
15115529 2805
15118268 2814
15121078 2822
15123697 2830
15126449 2839
15129047 2847
15131579 2854
15134185 2862
15137090 2871
15139750 2879
15142519 2888
15145184 2896
15147708 2904
15150505 2913
15153297 2922
15155969 2930
15158651 2938
15161492 2947
15164080 2955
15166738 2963
15169509 2972
15172317 2980
15174914 2989
15177642 2997
15180167 3005
15183195 3014
15186405 3024
15189500 3034
15192340 3042
15195297 3052
15198130 3060
15201137 3070
15204324 3080
15207386 3089
15210505 3099
15213593 3108
15216654 3118
15219702 3127
15222774 3137
15225789 3146
15228673 3155
15231663 3164
15234928 3174
15238277 3185
15241329 3194
15244491 3204
15247565 3213
15250467 3222
15253617 3232
15256843 3242
15259829 3251
15262750 3260
15265744 3269
15268873 3279
15272100 3288
15275275 3298
15278368 3308
15281316 3317
15284243 3325
15287302 3335
15290189 3343
15293026 3352
15296084 3361
15298984 3370
15302061 3379
15305304 3389
15308322 3398
15311248 3407
15314106 3415
15316960 3424
15320089 3434
15322983 3443
15326105 3452
15329095 3460
15331934 3469
15335211 3478
15338461 3488
15341610 3497
15344497 3506
15347384 3515
15350260 3523
15353419 3533
15356447 3542
15359593 3552
15362616 3561
15365991 3571
15369252 3581
15372335 3590
15375259 3598
15378163 3607
15381229 3616
15384213 3625
15387314 3634
15390179 3643
15393096 3651
15396042 3660
15399066 3669
15402091 3678
15405136 3688
15407975 3696
15410878 3705
15413928 3714
15417057 3723
15420041 3732
15423043 3740
15425997 3749
15429222 3759
15432190 3768
15435314 3777
15438312 3786
15441335 3795
15444179 3803
15446999 3812
15449982 3821
15453249 3830
15456274 3839
15459273 3848
15462384 3857
15465285 3865
15468205 3874
15471320 3883
15474287 3892
15477421 3901
15480501 3910
15483393 3919
15486789 3929
15489905 3938
15493064 3947
15495986 3955
15498866 3964
15502069 3973
15505114 3982
15508006 3990
15510953 3999
15513988 4008
15516820 4016
15520113 4025
15523245 4035
15526292 4043
15529285 4052
15532138 4060
15535172 4069
15538193 4077
15541173 4085
15544102 4094
15547090 4102
15549953 4110
15553154 4120
15556406 4129
15559309 4137
15562181 4145
15565100 4154
15568022 4162
15571142 4171
15574236 4179
15577201 4188
15580023 4196
15583086 4204
15586414 4214
15589456 4222
15592403 4230
15595332 4239
15598173 4247
15601162 4255
15604289 4264
15607201 4272
15610183 4280
15613583 4290
15616880 4299
15620113 4308
15623129 4316
15626018 4324
15628935 4332
15631960 4341
15635012 4349
15638030 4357
15640980 4365
15643943 4374
15647058 4382
15650046 4390
15653399 4400
15656245 4407
15659133 4415
15662045 4423
15664946 4431
15668192 4440
15671278 4448
15674268 4456
15677339 4465
15680330 4473
15683189 4481
15686334 4489
15689327 4497
15692255 4505
15695225 4513
15698275 4521
15701534 4530
15704834 4540
15708053 4548
15711067 4556
15713940 4564
15716837 4572
15720107 4581
15723026 4589
15725816 4597
15728982 4605
15731779 4613
15734957 4621
15738078 4629
15741217 4638
15744252 4646
15747119 4654
15750130 4662
15753241 4670
15756174 4678
15759191 4686
15762205 4694
15765134 4702
15768114 4710
15771300 4719
15774304 4727
15777236 4734
15780178 4742
15783073 4750
15786088 4758
15789167 4766
15792111 4774
15794991 4782
15797816 4790
15801101 4798
15804177 4806
15807345 4815
15810270 4823
15813153 4830
15816011 4838
15819002 4846
15822209 4854
15825316 4862
15828277 4870
15831266 4878
15834287 4886
15837464 4894
15840344 4902
15843374 4910
15846265 4917
15849129 4925
15852207 4933
15855209 4941
15858129 4949
15861366 4957
15864451 4965
15867504 4973
15870563 4981
15873603 4989
15876634 4999
15879690 5005
15882739 5013
15885962 5021
15888947 5029
15892108 5037
15895198 5045
15898022 5053
15900992 5060
15904109 5068
15907003 5075
15909946 5083
15912888 5090
15915881 5098
15918890 5106
15921950 5114
15925123 5122
15928167 5129
15931172 5137
15934029 5144
15937195 5153
15940177 5160
15943125 5168
15946086 5175
15948933 5182
15952067 5190
15955253 5198
15958321 5206
15961216 5213
15964070 5220
15966973 5227
15970086 5235
15973146 5243
15976248 5251
15979213 5258
15982103 5265
15985484 5274
15988679 5282
15991934 5290
15994919 5297
15997902 5305
16000752 5312
16003948 5320
16006992 5327
16009915 5334
16012816 5341
16016050 5349
16019220 5357
16022286 5364
16025283 5372
16028197 5379
16031152 5386
16034037 5393
16037183 5401
16040212 5408
16043059 5415
16046023 5422
16049165 5430
16052302 5438
16055411 5445
16058422 5452
16061607 5460
16064548 5467
16067688 5475
16070854 5482
16073814 5490
16076928 5497
16080467 5506
16083720 5514
16087075 5521
16090095 5529
16092952 5536
16095901 5543
16098802 5550
16101916 5557
16105188 5565
16108279 5573
16111284 5580
16114242 5587
16117074 5594
16120169 5601
16123064 5608
16125916 5615
16128820 5622
16131895 5629
16134847 5637
16137918 5644
16141205 5652
16144161 5659
16147105 5666
16150000 5673
16153142 5680
16156191 5688
16159062 5694
16161991 5701
16164951 5708
16167948 5716
16171189 5723
16174286 5731
16177239 5737
16180039 5743
16182936 5750
16185968 5756
16189054 5762
16192049 5769
16195036 5775
16197884 5781
16200928 5788
16204204 5795
16207129 5801
16209919 5807
16212843 5814
16215710 5821
16218886 5827
16222151 5835
16225235 5842
16228137 5849
16231012 5856
16234186 5863
16237480 5871
16240613 5878
16243535 5885
16246485 5892
16249540 5899
16252930 5907
16256030 5914
16259224 5921
16262148 5928
16265281 5935
16268294 5942
16271369 5949
16274278 5955
16277427 5962
16280612 5970
16283532 5976
16286707 5984
16289863 5990
16292771 5998
16295835 6004
16298924 6011
16301930 6018
16304988 6025
16307871 6031
16310759 6038
16313634 6044
16316611 6051
16319688 6058
16322747 6065
16326023 6072
16329174 6079
16332004 6085
16335027 6092
16338094 6099
16341116 6106
16344125 6112
16347027 6119
16349830 6125
16352886 6132
16355932 6139
16359084 6146
16361945 6152
16364751 6159
16367753 6165
16370871 6172
16373767 6178
16376681 6185
16379774 6192
16382615 6198
16385643 6204
16388871 6211
16391951 6218
16394850 6224
16397705 6231
16400665 6237
16403923 6244
16406873 6251
16409895 6257
16412850 6263
16415689 6270
16418862 6277
16422056 6284
16424946 6290
16427734 6296
16430685 6302
16433870 6309
16436932 6316
16440325 6323
16443341 6329
16446446 6336
16449643 6343
16452931 6349
16455905 6356
16458838 6362
16461725 6368
16464575 6374
16467619 6381
16470936 6388
16473847 6394
16476641 6400
16479880 6406
16482926 6413
16486010 6420
16489055 6426
16491945 6432
16494878 6438
16497703 6444
16501365 6452
16504377 6458
16507476 6464
16510612 6471
16513869 6477
16516818 6484
16519811 6490
16522770 6496
16525642 6502
16528627 6509
16531788 6515
16534921 6521
16537912 6528
16541008 6534
16544096 6541
16547002 6547
16549923 6553
16552986 6559
16556114 6566
16559051 6572
16562002 6578
16564836 6584
16567786 6590
16570962 6597
16574019 6603
16576999 6609
16579968 6615
16582800 6621
16585808 6627
16588869 6634
16591797 6640
16594758 6646
16597564 6652
16600458 6658
16603801 6665
16606911 6671
16609841 6677
16612655 6683
16615609 6689
16618829 6696
16621750 6701
16624893 6708
16627912 6714
16630896 6720
16633940 6726
16637005 6733
16639903 6739
16642756 6744
16645660 6751
16648691 6757
16651678 6763
16654820 6769
16657742 6775
16660618 6781
16663724 6787
16666883 6794
16669947 6800
16672864 6806
16675886 6812
16678712 6818
16681678 6823
16684864 6830
16687887 6836
16690795 6841
16693659 6847
16696877 6854
16700223 6860
16703423 6867
16706455 6873
16709378 6878
16712150 6884
16715076 6890
16718132 6896
16721231 6902
16724150 6908
16727291 6914
16730322 6920
16733406 6926
16736572 6933
16739770 6939
16742600 6945
16745616 6950
16748772 6956
16751983 6963
16755162 6969
16758218 6975
16761234 6981
16764198 6986
16766997 6992
16770149 6998
16773245 7004
16776345 7010
16779487 7016
16782353 7021
16785579 7028
16788888 7034
16791951 7040
16794948 7046
16797777 7051
16800708 7057
16803828 7063
16806813 7069
16809741 7074
16812756 7080
16815622 7086
16818914 7092
16822108 7098
16824971 7103
16827825 7109
16830693 7114
16833566 7120
16836925 7126
16840113 7132
16843283 7138
16846292 7144
16849634 7150
16852873 7156
16856009 7162
16858918 7168
16861847 7173
16864709 7179
16867605 7184
16870836 7190
16873706 7196
16876588 7201
16879807 7207
16882861 7212
16885901 7218
16888882 7223
16891804 7229
16894790 7234
16897608 7240
16900734 7245
16903740 7251
16906665 7256
16909780 7262
16913130 7268
16916151 7274
16919155 7279
16922153 7285
16925142 7290
16927996 7295
16930846 7300
16933848 7306
16936878 7311
16939745 7316
16942817 7322
16945815 7327
16948739 7332
16951740 7338
16954777 7343
16957756 7349
16960646 7354
16963711 7359
16966550 7364
16969767 7370
16972858 7376
16975893 7381
16978865 7386
16981854 7391
16984865 7397
16987914 7402
16990865 7407
16993719 7412
16996657 7418
16999684 7423
17002700 7428
17005829 7434
17008911 7439
17011898 7444
17014768 7449
17017764 7455
17020873 7460
17023756 7465
17026736 7470
17029557 7475
17032586 7480
17035843 7486
17038902 7491
17041795 7496
17044662 7501
17047542 7506
17050564 7512
17053652 7517
17056673 7522
17059671 7527
17062488 7532
17065638 7538
17068866 7543
17071939 7549
17074897 7554
17077766 7559
17080643 7564
17083507 7569
17086875 7574
17089990 7579
17092901 7584
17095866 7589
17099184 7595
17102217 7600
17105259 7606
17108384 7611
17111311 7616
17114285 7621
17117470 7627
17121095 7632
17124083 7637
17127144 7643
17130098 7648
17132948 7653
17136010 7658
17138956 7663
17141888 7668
17144964 7673
17147897 7678
17150823 7683
17153938 7688
17156971 7693
17160064 7698
17163138 7703
17166116 7708
17169169 7713
17172090 7718
17175098 7723
17177943 7728
17180839 7733
17183750 7738
17186803 7743
17189868 7748
17192920 7753
17195814 7758
17198670 7762
17201670 7767
17204714 7772
17207687 7777
17210620 7782
17213616 7787
17216443 7792
17219790 7797
17222943 7802
17225894 7807
17228710 7812
17231600 7816
17234595 7821
17237644 7826
17240678 7831
17243699 7835
17246554 7840
17249472 7845
17252997 7850
17256059 7855
17258970 7860
17261820 7864
17264699 7869
17267667 7873
17270777 7878
17273778 7883
17276615 7888
17279445 7892
17282719 7897
17285862 7902
17288954 7907
17291889 7912
17294761 7916
17297647 7921
17300497 7926
17303661 7930
17306683 7935
17309534 7940
17312522 7945
17315693 7949
17318698 7954
17321697 7958
17324614 7963
17327523 7968
17330396 7972
17333436 7977
17336727 7981
17339612 7986
17342456 7990
17345931 7996
17348851 8000
17351963 8005
17354996 8009
17357942 8014
17360823 8018
17363659 8023
17366656 8027
17369690 8032
17372589 8036
17375782 8041
17378795 8046
17381663 8050
17384674 8055
17387858 8060
17390682 8064
17393543 8068
17396523 8073
17399485 8077
17402660 8082
17405856 8086
17408876 8091
17411748 8095
17414598 8099
17417614 8104
17420736 8108
17423630 8112
17426680 8117
17429697 8121
17432628 8126
17435736 8130
17438781 8135
17441749 8139
17444819 8144
17447704 8148
17450602 8152
17453691 8157
17456567 8161
17459620 8165
17462514 8169
17465368 8173
17468452 8178
17471690 8183
17474630 8187
17477506 8191
17480492 8195
17483387 8199
17486637 8204
17489592 8208
17492487 8212
17495522 8216
17498663 8221
17501734 8225
17504745 8229
17507681 8233
17510568 8237
17513443 8241
17516506 8245
17519632 8250
17522576 8254
17525529 8258
17528520 8262
17531657 8266
17534673 8270
17537719 8274
17540695 8278
17543704 8283
17546536 8286
17549411 8291
17552710 8295
17555715 8299
17558596 8303
17561671 8307
17564718 8311
17567761 8315
17570861 8319
17573808 8323
17576575 8327
17579498 8331
17582526 8335
17585569 8339
17588630 8343
17591777 8347
17594791 8351
17597714 8355
17600556 8358
17603653 8362
17606575 8366
17609403 8370
17612505 8374
17615520 8378
17618508 8382
17621605 8386
17624630 8390
17627610 8393
17630422 8397
17633466 8401
17636612 8405
17639580 8409
17642461 8413
17645437 8416
17648413 8420
17651671 8424
17654759 8428
17657748 8432
17660736 8436
17663527 8439
17666401 8443
17669668 8447
17672588 8451
17675568 8454
17678500 8458
17681346 8462
17684683 8466
17687931 8470
17690909 8473
17693734 8477
17696700 8481
17699556 8484
17702602 8488
17705616 8492
17708595 8496
17711418 8499
17714465 8503
17717589 8507
17720615 8511
17723498 8514
17726382 8518
17729441 8521
17732530 8525
17735818 8529
17738905 8533
17741987 8537
17745068 8541
17748084 8545
17751298 8549
17754378 8553
17757492 8556
17760510 8560
17763627 8564
17766537 8567
17769733 8571
17772759 8575
17776040 8579
17779399 8583
17782528 8587
17785628 8590
17788725 8594
17791771 8598
17794652 8601
17797658 8605
17800644 8609
17803639 8612
17806659 8616
17809726 8619
17812851 8623
17815732 8627
17818795 8630
17821816 8634
17824660 8637
17827601 8641
17830524 8644
17833508 8648
17836642 8652
17840053 8656
17843325 8660
17846345 8663
17849359 8667
17852541 8670
17855623 8674
17858549 8678
17861427 8681
17864452 8685
17867363 8688
17870561 8692
17873772 8695
17876882 8699
17879715 8702
17882680 8706
17885820 8709
17888859 8713
17891831 8716
17894812 8720
17897674 8723
17900842 8726
17904204 8730
17907383 8734
17910446 8737
17913369 8741
17916374 8744
17919595 8748
17922713 8751
17925569 8754
17928504 8758
17931516 8761
17934657 8764
17937752 8768
17940679 8771
17943505 8774
17946464 8778
17949342 8781
17952566 8784
17955563 8788
17958524 8791
17961485 8794
17964881 8798
17967994 8801
17971159 8805
17974260 8808
17977434 8811
17980448 8814
17983373 8818
17986586 8821
17989592 8824
17992874 8827
17996115 8831
17999156 8834
18002260 8837
18005652 8841
18008712 8844
18011707 8847
18014567 8850
18017691 8853
18020828 8856
18023795 8859
18026817 8862
18029694 8865
18032495 8868
18035639 8871
18038835 8875
18041772 8878
18044751 8880
18047628 8883
18050638 8886
18053815 8889
18057210 8893
18060415 8896
18063282 8899
18066260 8902
18069571 8905
18072518 8908
18075615 8911
18078593 8914
18081426 8917
18084450 8920
18087710 8923
18090806 8926
18093719 8929
18096502 8932
18099424 8935
18102497 8938
18105481 8941
18108464 8944
18111506 8946
18114373 8949
18117545 8952
18120734 8955
18123760 8958
18126604 8961
18129483 8964
18132353 8966
18135356 8969
18138464 8972
18141388 8975
18144475 8978
18147689 8981
18151299 8984
18154425 8987
18157348 8990
18160656 8993
18163613 8995
18166657 8998
18169782 9001
18172874 9004
18175979 9007
18179264 9010
18182372 9013
18185689 9016
18188650 9019
18191633 9021
18194547 9024
18197587 9027
18200494 9029
18203519 9032
18206511 9035
18209665 9038
18212859 9041
18215745 9043
18218768 9046
18221791 9049
18224712 9051
18227649 9054
18230576 9057
18233562 9059
18236620 9062
18239660 9065
18242730 9067
18245690 9070
18248514 9072
18251538 9075
18254587 9078
18257546 9080
18260425 9083
18263342 9085
18266337 9088
18269493 9091
18272872 9094
18275986 9096
18279029 9099
18281999 9101
18284960 9104
18288324 9107
18291609 9110
18294557 9112
18297442 9115
18300312 9117
18303688 9120

---------------------
Friction testing.
45%
---------------------
3738366 -1
3745272 0
3765607 1
3776926 2
3783742 3
3790559 4
3796899 5
3803633 6
3807986 7
3814113 8
3818455 9
3822773 10
3827308 11
3832225 12
3834759 13
3839622 14
3841897 15
3846626 16
3848950 17
3853649 18
3856049 19
3861008 20
3863312 21
3865737 22
3868121 23
3872903 24
3875219 25
3877743 26
3880128 27
3882742 28
3885127 29
3887381 30
3892179 32
3894740 33
3899282 34
3901751 35
3904058 36
3906419 37
3908660 38
3911069 39
3913526 41
3915837 42
3918227 43
3920778 44
3923172 45
3925703 46
3928010 47
3930369 48
3932898 50
3935274 51
3937643 52
3939920 53
3942340 55
3944684 56
3947036 57
3949555 58
3951874 60
3954213 61
3956936 63
3959281 64
3961699 65
3963965 67
3966377 68
3968837 69
3971151 71
3973731 73
3976087 74
3978492 75
3980902 77
3983309 78
3986020 80
3988304 82
3990647 83
3992993 85
3995283 86
3997703 88
4000125 89
4002503 91
4004907 93
4007150 94
4009659 96
4011898 97
4014327 99
4016991 101
4019500 103
4021960 105
4024285 106
4027090 108
4029682 110
4032276 113
4034937 115
4037457 117
4039949 119
4042386 121
4044993 123
4047506 125
4050188 127
4053038 129
4055691 132
4058093 134
4060496 136
4062887 138
4065254 140
4067960 142
4070403 144
4072891 147
4075415 149
4078108 151
4080732 154
4083335 156
4085945 159
4088351 161
4090922 163
4093480 166
4096032 168
4098733 171
4101381 173
4103896 176
4106428 178
4109094 181
4111764 183
4114212 186
4117003 188
4119501 191
4121998 194
4124698 196
4127101 199
4129744 202
4132218 204
4134967 207
4137514 210
4140073 212
4142751 215
4145222 218
4147833 221
4150449 224
4152993 226
4155483 229
4158049 232
4160728 235
4163256 238
4165845 241
4168485 244
4171089 247
4173743 250
4176166 253
4178708 256
4181046 259
4183560 262
4186076 265
4188769 268
4191337 271
4193837 274
4196379 277
4198828 280
4201459 284
4204064 287
4206711 290
4209113 293
4211500 296
4213878 299
4216294 302
4218842 305
4221398 308
4224006 311
4226445 315
4229098 318
4231771 322
4234371 325
4236874 328
4239358 331
4241945 335
4244414 338
4246839 341
4249425 345
4251968 349
4254507 352
4257164 356
4259698 359
4262187 363
4264941 366
4267447 370
4269954 373
4272488 377
4275030 380
4277707 384
4280116 388
4282793 392
4285309 395
4287740 399
4290118 402
4292547 406
4295131 410
4297690 413
4300250 417
4302993 421
4305436 425
4307968 429
4310337 432
4312953 436
4315449 440
4318074 444
4320701 448
4323157 452
4325772 456
4328146 459
4330679 463
4333146 467
4335760 471
4338221 477
4340974 481
4343508 485
4346087 489
4348895 493
4351502 497
4354053 502
4356804 506
4359266 510
4361922 514
4364314 519
4367012 523
4369499 527
4372016 531
4374774 536
4377264 540
4379798 544
4382214 549
4385079 553
4387776 558
4390181 563
4392860 567
4395243 571
4397763 575
4400298 580
4402949 584
4405521 589
4408008 593
4410757 598
4413258 603
4416056 608
4418823 612
4421250 617
4423757 621
4426219 626
4428873 631
4431260 635
4433936 640
4436418 644
4438889 649
4441281 653
4443898 658
4446489 663
4449217 668
4451894 673
4454394 678
4456932 682
4459481 687
4462000 692
4464379 696
4467036 702
4469689 707
4472178 711
4474715 716
4477185 721
4479981 726
4482435 731
4485035 736
4487462 741
4489859 745
4492206 750
4494747 755
4497196 760
4499791 765
4502322 770
4504799 775
4507238 781
4509990 786
4512434 791
4514790 795
4517308 801
4519815 805
4522270 811
4524910 816
4527432 821
4529939 826
4532390 831
4534939 836
4537472 841
4540062 847
4542546 852
4545035 857
4547396 862
4549880 867
4552425 872
4554883 878
4557251 883
4559894 888
4562396 893
4564907 899
4567422 904
4569920 909
4572459 915
4575058 920
4577499 925
4580040 931
4582585 936
4585069 941
4587482 946
4589940 952
4592468 957
4594992 963
4597384 968
4600013 974
4602564 979
4605018 985
4607398 990
4609768 995
4612147 1000
4614714 1006
4617352 1012
4620123 1018
4622886 1024
4625392 1030
4627924 1036
4630575 1042
4633362 1048
4636008 1054
4638785 1060
4641391 1066
4643953 1072
4646531 1078
4649257 1085
4652031 1091
4654841 1097
4657542 1104
4660130 1110
4662793 1116
4665347 1122
4668148 1128
4670792 1135
4673489 1141
4676114 1147
4678773 1154
4681260 1160
4684120 1167
4686788 1173
4689460 1179
4692052 1186
4694831 1193
4697602 1199
4700216 1206
4703095 1213
4705768 1219
4708336 1226
4710984 1232
4713792 1239
4716501 1246
4719241 1253
4722146 1260
4724892 1267
4727554 1274
4730181 1280
4732842 1287
4735697 1294
4738391 1301
4740954 1308
4743804 1315
4746347 1321
4749136 1328
4751858 1335
4754817 1343
4757407 1350
4760120 1357
4762765 1364
4765403 1371
4768166 1378
4770787 1385
4773358 1392
4776220 1399
4778966 1406
4781477 1413
4784215 1421
4787024 1428
4789742 1435
4792397 1442
4794918 1449
4797469 1456
4800105 1463
4802822 1470
4805550 1478
4808268 1485
4811057 1492
4813983 1501
4816900 1509
4819606 1516
4822253 1524
4825017 1531
4827823 1539
4830383 1546
4833084 1554
4835836 1561
4838409 1568
4841042 1576
4843791 1583
4846719 1592
4849456 1599
4852222 1608
4855032 1615
4857764 1623
4860311 1631
4863026 1639
4865946 1647
4868990 1656
4871496 1663
4874062 1671
4877124 1679
4879964 1687
4882640 1695
4885363 1703
4887978 1711
4890503 1718
4893074 1726
4895850 1734
4898641 1742
4901337 1751
4904009 1758
4906834 1767
4909469 1775
4912112 1783
4914802 1791
4917518 1799
4920143 1807
4922826 1815
4925350 1823
4928114 1831
4930813 1839
4933432 1847
4936226 1856
4939037 1864
4941798 1872
4944408 1880
4947105 1889
4949900 1897
4952703 1906
4955275 1914
4958026 1923
4960743 1931
4963668 1940
4966386 1948
4969379 1957
4972138 1966
4974797 1974
4977328 1982
4980032 1990
4982876 1999
4985539 2008
4988194 2016
4990804 2024
4993481 2033
4996017 2041
4998664 2049
5001625 2059
5004395 2067
5007091 2076
5009785 2084
5012360 2093
5015007 2101
5017890 2110
5020604 2119
5023206 2127
5025785 2136
5028477 2145
5031102 2153
5033957 2163
5036869 2172
5039523 2181
5042228 2190
5045134 2199
5047776 2208
5050460 2217
5053174 2226
5055816 2235
5058535 2243
5061337 2253
5064018 2262
5066863 2272
5069631 2281
5072288 2290
5074992 2299
5077504 2307
5080103 2316
5082897 2326
5085604 2335
5088245 2344
5091013 2353
5094083 2363
5096819 2373
5099513 2382
5102214 2392
5105058 2401
5107777 2411
5110322 2420
5113084 2429
5115908 2439
5118555 2448
5121170 2457
5123921 2467
5126872 2478
5129552 2487
5132277 2496
5135050 2506
5137799 2516
5140388 2525
5143095 2535
5145901 2545
5148516 2554
5151320 2564
5154155 2574
5156938 2584
5159551 2593
5162096 2603
5164803 2612
5167500 2622
5170165 2632
5172807 2641
5175419 2651
5178101 2661
5180745 2671
5183439 2680
5186138 2690
5188861 2700
5191596 2710
5194227 2720
5197071 2730
5199887 2741
5202593 2751
5205359 2761
5207996 2771
5210550 2781
5213100 2790
5216012 2801
5218909 2812
5221598 2822
5224519 2833
5227347 2843
5230075 2854
5232873 2864
5235542 2874
5238240 2885
5241079 2895
5243760 2905
5246528 2916
5249206 2927
5252051 2937
5254812 2947
5257428 2957
5260125 2967
5262751 2977
5265491 2988
5268210 2999
5271007 3009
5273953 3020
5277361 3033
5280542 3045
5283727 3057
5286960 3069
5290105 3081
5293139 3093
5296059 3104
5299299 3117
5302479 3128
5305475 3140
5308531 3152
5311847 3164
5314736 3175
5317826 3187
5320731 3198
5323592 3208
5326509 3219
5329442 3231
5332553 3242
5335596 3254
5338661 3266
5341737 3277
5344675 3289
5347503 3299
5350570 3311
5353594 3322
5356556 3333
5359470 3344
5362368 3355
5365397 3366
5368393 3377
5371750 3390
5374812 3401
5377773 3412
5380609 3423
5383802 3435
5386887 3446
5389837 3457
5392777 3468
5395781 3480
5398689 3491
5401753 3502
5404898 3514
5407897 3525
5410880 3536
5413929 3547
5416998 3559
5420210 3571
5423612 3583
5426565 3594
5429480 3605
5433111 3619
5436305 3631
5439311 3643
5442369 3654
5445359 3665
5448206 3675
5451327 3687
5454477 3699
5457462 3710
5460285 3721
5463775 3733
5466998 3745
5470175 3757
5473097 3768
5476110 3779
5479074 3790
5482193 3801
5485383 3813
5488492 3824
5491534 3836
5494849 3848
5497904 3859
5500938 3870
5503845 3881
5506776 3891
5509736 3902
5512608 3912
5516891 3928
5520252 3941
5523608 3952
5526605 3963
5529434 3973
5532409 3984
5535513 3996
5538687 4007
5541732 4018
5544723 4029
5547612 4039
5550645 4050
5553685 4061
5556656 4071
5559630 4082
5562603 4093
5565512 4103
5568642 4114
5571535 4125
5574458 4135
5577330 4146
5580420 4157
5583417 4167
5586517 4179
5589676 4189
5592615 4200
5595494 4210
5598379 4220
5601517 4231
5604524 4242
5607429 4252
5610279 4263
5613344 4274
5616628 4285
5619822 4296
5622714 4306
5625574 4316
5628439 4326
5631279 4336
5634586 4347
5637586 4358
5640521 4368
5643389 4378
5646409 4389
5649533 4400
5652585 4410
5655521 4421
5658347 4431
5661499 4441
5664527 4452
5667714 4463
5670684 4473
5673637 4482
5676475 4492
5679812 4504
5682957 4515
5685982 4525
5689139 4536
5692102 4546
5695101 4557
5698214 4567
5701430 4579
5704458 4589
5707443 4600
5710495 4610
5713503 4621
5716676 4632
5719815 4643
5722750 4653
5725585 4663
5728459 4672
5731439 4682
5734591 4693
5737537 4703
5740590 4714
5743660 4724
5746609 4734
5749650 4745
5752723 4756
5755630 4766
5758639 4776
5761665 4786
5764462 4796
5767555 4806
5770554 4816
5773623 4827
5776603 4837
5779399 4846
5782433 4857
5785542 4867
5788479 4877
5791348 4887
5794432 4897
5797447 4907
5800477 4918
5803633 4928
5806719 4938
5809669 4948
5812543 4958
5815499 4967
5818526 4978
5821424 4987
5824341 4997
5827349 5008
5830387 5018
5833656 5028
5836934 5039
5839877 5049
5842788 5058
5845685 5068
5848510 5077
5851662 5088
5854753 5098
5857753 5108
5860611 5117
5863614 5127
5866937 5138
5869913 5148
5872853 5157
5875722 5167
5878610 5176
5881496 5186
5884561 5196
5887571 5206
5890492 5215
5893405 5225
5896437 5235
5899573 5245
5902649 5255
5905591 5265
5908496 5274
5911381 5284
5914235 5293
5917448 5303
5920469 5312
5923473 5322
5926569 5332
5929726 5342
5932763 5352
5935825 5362
5938762 5371
5941621 5381
5944525 5390
5947518 5400
5950672 5410
5953599 5419
5956950 5430
5959940 5440
5962894 5449
5965986 5459
5968962 5468
5971875 5478
5974753 5487
5977675 5496
5980570 5505
5983540 5515
5986704 5525
5989876 5536
5993265 5547
5996324 5556
5999530 5566
6002567 5575
6005509 5585
6008332 5594
6011522 5604
6014475 5613
6017650 5624
6020779 5634
6023812 5644
6026805 5653
6029786 5663
6032910 5673
6036086 5682
6039138 5692
6042192 5702
6045197 5711
6048070 5720
6051386 5731
6054539 5741
6057563 5750
6060578 5760
6063395 5769
6066393 5778
6069548 5788
6072540 5797
6075640 5807
6078612 5816
6081704 5826
6084922 5836
6087956 5845
6091142 5855
6094126 5864
6097096 5874
6100259 5884
6103517 5894
6106425 5903
6109284 5912
6112418 5921
6115501 5931
6118578 5940
6121515 5949
6124408 5958
6127425 5967
6130269 5977
6133560 5986
6136611 5995
6139498 6004
6142554 6014
6145595 6023
6148509 6032
6151580 6042
6154471 6051
6157360 6060
6160368 6069
6163362 6078
6166496 6087
6169520 6097
6172880 6107
6176161 6117
6179147 6126
6182230 6135
6185397 6145
6188472 6154
6191262 6163
6194440 6172
6197468 6181
6200457 6190
6203614 6200
6206776 6209
6209664 6218
6212518 6227
6215510 6236
6218611 6245
6221512 6254
6224458 6263
6227279 6272
6230377 6281
6233608 6290
6236634 6299
6239647 6308
6242756 6317
6245812 6326
6248889 6335
6251884 6344
6254894 6353
6257972 6362
6261124 6371
6264217 6380
6267446 6390
6270585 6399
6273535 6408
6276387 6417
6279312 6426
6282422 6434
6285638 6443
6288612 6452
6291508 6460
6294496 6469
6297583 6479
6300679 6487
6303664 6496
6306698 6505
6309673 6514
6312580 6522
6315687 6532
6318882 6541
6321737 6549
6324584 6557
6327633 6567
6330682 6575
6333749 6584
6336759 6593
6339764 6602
6342610 6610
6345509 6618
6348428 6627
6351454 6636
6354396 6645
6357559 6654
6360586 6663
6363734 6672
6366722 6681
6369884 6690
6372974 6699
6375919 6707
6378942 6716
6381926 6725
6384910 6733
6387938 6742
6391031 6751
6394052 6760
6397180 6769
6400347 6778
6403547 6787
6406480 6795
6409375 6804
6412534 6812
6415577 6821
6418891 6830
6421987 6839
6424873 6847
6427730 6855
6430580 6863
6433660 6872
6436635 6881
6439597 6889
6442543 6897
6445406 6906
6448504 6914
6451748 6923
6454873 6932
6457792 6940
6460808 6948
6463729 6956
6466753 6965
6469745 6973
6472854 6982
6475754 6990
6478669 6998
6481730 7007
6485000 7016
6488256 7025
6491253 7034
6494219 7042
6497214 7051
6500248 7059
6503277 7068
6506443 7076
6509385 7084
6512421 7093
6515503 7101
6518601 7110
6521471 7118
6524398 7126
6527428 7134
6530276 7143
6533522 7151
6536509 7159
6539518 7168
6542468 7176
6545553 7184
6548536 7192
6551726 7201
6554578 7209
6557488 7217
6560359 7225
6563475 7233
6566463 7241
6569486 7250
6572406 7258
6575562 7266
6578641 7274
6581560 7282
6584668 7291
6587570 7298
6590413 7306
6593361 7314
6596422 7322
6599564 7330
6602620 7339
6605800 7347
6608862 7355
6611828 7363
6614673 7371
6617742 7379
6620710 7387
6623710 7395
6626690 7403
6629653 7411
6632636 7419
6635892 7427
6638992 7435
6641871 7443
6644820 7451
6647642 7458
6650679 7466
6653689 7475
6656700 7482
6659557 7489
6662422 7497
6665443 7505
6668692 7514
6671860 7522
6674850 7529
6677751 7537
6680570 7544
6683619 7553
6686760 7561
6690019 7569
6693215 7578
6696207 7586
6699316 7594
6702478 7602
6705404 7610
6708467 7618
6711319 7626
6714367 7634
6717584 7642
6720697 7650
6723603 7658
6726664 7666
6729656 7673
6732832 7681
6735912 7689
6738849 7697
6741792 7705
6744629 7712
6747567 7719
6750679 7728
6753786 7736
6756823 7743
6760261 7753
6763463 7760
6766587 7768
6769593 7776
6772563 7784
6775454 7791
6778510 7799
6781488 7806
6784607 7814
6787669 7822
6790643 7829
6793779 7837
6796730 7845
6799811 7852
6802927 7860
6805853 7868
6808914 7875
6812018 7883
6815121 7891
6818321 7900
6821554 7907
6824617 7915
6827544 7922
6830423 7929
6833596 7937
6836687 7945
6839563 7952
6842560 7959
6845562 7967
6848373 7974
6851770 7982
6854861 7990
6857836 7997
6860849 8005
6863678 8012
6866790 8020
6869741 8027
6872726 8035
6875615 8042
6878470 8049
6881518 8056
6884762 8065
6887974 8072
6890999 8080
6893922 8087
6896806 8094
6899820 8101
6902881 8109
6905899 8116
6908969 8124
6912116 8132
6915395 8140
6918569 8148
6921433 8155
6924344 8162
6927387 8169
6930433 8177
6933597 8184
6936717 8191
6939610 8199
6942621 8206
6945776 8213
6948903 8221
6951945 8228
6954888 8235
6957816 8242
6960655 8249
6963576 8256
6966769 8264
6969849 8271
6972763 8278
6976033 8286
6979697 8295
6982745 8302
6985769 8309
6988704 8316
6991640 8323
6994452 8329
6997413 8336
7000581 8344
7003562 8351
7006886 8359
7009881 8366
7012837 8372
7015781 8379
7018893 8387
7021846 8393
7024686 8400
7027638 8407
7030454 8414
7033514 8421
7036725 8428
7039851 8435
7042685 8441
7045629 8448
7048453 8455
7051524 8462
7054417 8468
7057517 8476
7060482 8482
7063464 8489
7066479 8496
7069679 8503
7072772 8511
7075717 8517
7078742 8524
7081565 8531
7084652 8538
7087693 8545
7090664 8551
7093689 8558
7096526 8565
7099585 8572
7102638 8579
7105651 8585
7108690 8592
7111691 8599
7114486 8606
7117585 8613
7120623 8620
7123601 8626
7126590 8633
7129589 8640
7132723 8647
7135725 8654
7138731 8661
7141684 8668
7144649 8674
7147456 8680
7150585 8688
7153724 8695
7156721 8701
7159655 8708
7162757 8715
7165804 8722
7168858 8728
7171762 8735
7174659 8741
7177541 8748
7180493 8754
7183514 8761
7186509 8768
7189583 8775
7192740 8782
7195816 8788
7199206 8796
7202316 8803
7205382 8809
7208516 8816
7211391 8823
7214440 8829
7217704 8836
7220825 8843
7224177 8850
7227236 8857
7230206 8863
7233331 8870
7236435 8877
7239471 8883
7242522 8890
7245550 8896
7248354 8902
7252358 8911
7255586 8918
7258711 8924
7261656 8930
7264465 8936
7267659 8943
7270844 8950
7273769 8956
7276893 8963
7279909 8969
7283110 8976
7286266 8983
7289173 8989
7292181 8995
7295137 9001
7298188 9008
7301569 9015
7304486 9021
7307564 9028
7310503 9034
7313481 9041
7316464 9047
7319513 9053
7322558 9059
7325520 9066
7328357 9072
7331368 9078
7334638 9085
7337590 9091
7340528 9097
7343502 9103
7346597 9110
7349793 9116
7352756 9123
7355697 9129
7358633 9135
7361482 9141
7364332 9147
7367713 9154
7370786 9160
7373697 9166
7376758 9172
7379760 9179
7382864 9185
7385966 9191
7388846 9197
7391742 9203
7394660 9209
7397601 9215
7400723 9221
7403703 9228
7406850 9234
7409845 9240
7412833 9246
7415747 9252
7418837 9258
7421762 9264
7424712 9270
7427516 9276
7430445 9282
7433482 9288
7436476 9294
7439640 9300
7442581 9306
7445477 9311
7448396 9317
7451498 9323
7454427 9329
7457487 9335
7460367 9341
7463361 9347
7466615 9353
7469736 9359
7472889 9366
7475768 9371
7478622 9377
7481517 9382
7484602 9388
7487526 9394
7490620 9400
7493539 9406
7496530 9412
7499584 9418
7502926 9424
7505901 9430
7508734 9435
7511609 9441
7514478 9446
7517618 9452
7520518 9458
7523423 9463
7526417 9469
7529464 9475
7532891 9482
7535883 9487
7538825 9493
7541678 9498
7544550 9504
7547445 9509
7550460 9515
7553536 9521
7556483 9527
7559341 9532
7562573 9538
7565663 9544
7568663 9550
7571599 9555
7574454 9560
7577339 9566
7580400 9572
7583622 9578
7586623 9583
7589598 9589
7592530 9595
7595709 9601
7598687 9606
7601776 9612
7604721 9618
7607589 9623
7610556 9628
7613716 9634
7616874 9640
7619988 9646
7622948 9652
7626396 9658
7629590 9664
7632677 9670
7635731 9676
7638762 9681
7641696 9687
7644687 9692
7647684 9698
7650742 9703
7653834 9709
7656966 9715
7660015 9720
7662924 9726
7665956 9731
7669201 9737
7672265 9743
7675172 9748
7678286 9754
7681168 9759
7684468 9765
7687738 9771
7690718 9776
7693657 9782
7696567 9787
7699660 9793
7702688 9798
7705569 9803
7708537 9808
7711541 9814
7714384 9819
7717761 9825
7720882 9830
7723784 9835
7726648 9840
7729527 9846
7732523 9851
7735604 9857
7738697 9862
7741590 9867
7744453 9872
7747429 9877
7751008 9883
7754314 9889
7757436 9895
7760429 9900
7763324 9905
7766472 9910
7769590 9916
7772499 9921
7775376 9926
7778552 9931
7781616 9936
7784838 9942
7787839 9947
7790634 9951
7793586 9957
7796424 9962
7799502 9967
7802523 9972
7805470 9977
7808301 9982
7811449 9987
7814583 9992
7817710 9998
7820592 10003
7823643 10008
7826685 10013
7829703 10018
7832995 10024
7836312 10030
7839661 10035
7843074 10041
7846384 10047
7849846 10052
7852985 10058
7856220 10063
7859320 10069
7862615 10074
7865689 10079
7869017 10085
7872354 10090
7875764 10096
7878820 10101
7881877 10106
7885249 10112
7888403 10117
7891640 10122
7894746 10128
7897840 10133
7901296 10139
7904773 10144
7908001 10150
7911184 10155
7914157 10160
7917432 10165
7920667 10170
7923810 10175
7926961 10180
7930018 10185
7933481 10191
7936879 10196
7940013 10201
7943245 10207
7946264 10211
7949544 10217
7952743 10222
7955957 10227
7959018 10232
7962203 10237
7965623 10243
7968922 10248
7971946 10253
7975021 10258
7978194 10263
7981247 10267
7984498 10273
7987744 10278
7990925 10283
7993994 10288
7997456 10293
8000781 10298
8004094 10303
8007249 10308
8010314 10313
8013358 10318
8016853 10323
8020068 10328
8023238 10332
8026389 10337
8029682 10342
8032860 10347
8036072 10352
8039227 10357
8042190 10361
8045263 10366
8048389 10371
8051730 10376
8054827 10380
8058022 10385
8061359 10391
8064679 10395
8067909 10400
8070985 10405
8073978 10409
8077221 10414
8080340 10419
8083674 10424
8086981 10429
8090365 10434
8093600 10438
8096581 10443
8099755 10448
8103001 10452
8106225 10457
8109472 10462
8112566 10466
8115714 10471
8119131 10476
8122452 10481
8125673 10486
8128681 10490
8131733 10494
8135166 10499
8138325 10504
8141669 10509
8144643 10513
8147710 10518
8151073 10523
8154353 10528
8157588 10532
8160614 10537
8163610 10541
8166876 10546
8170037 10550
8173220 10555
8176389 10560
8179644 10564
8182876 10569
8186123 10573
8189262 10578
8192343 10583
8195736 10587
8198944 10592
8202363 10597
8205611 10601
8208733 10606
8211871 10610
8215039 10615
8218457 10620
8221609 10624
8224706 10629
8227694 10633
8230692 10637
8233968 10642
8237350 10647
8240822 10652
8244258 10657
8247429 10661
8250789 10666
8253931 10671
8257259 10675
8260285 10679
8263430 10684
8266728 10688
8269904 10693
8273427 10698
8276687 10702
8279859 10707
8283005 10711
8286334 10716
8289522 10720
8292553 10725
8295676 10729
8298732 10733
8301859 10737
8305388 10743
8308631 10747
8311738 10751
8314843 10755
8318116 10760
8321336 10765
8324720 10769
8327731 10773
8330769 10777
8334059 10782
8337505 10786
8340714 10791
8343695 10795
8346737 10799
8349921 10803
8353399 10808
8356671 10812
8359649 10816
8362739 10820
8366006 10825
8369526 10829
8372587 10833
8375617 10837
8378626 10841
8381752 10845
8384957 10850
8388088 10854
8391267 10858
8394272 10862
8397755 10866
8400955 10870
8404102 10874
8407231 10878
8410221 10882
8413334 10887
8416833 10891
8420043 10895
8423231 10899
8426347 10903
8429809 10907
8433002 10912
8436324 10916
8439279 10919
8442354 10924
8445592 10927
8448718 10931
8451887 10935
8454945 10939
8458178 10943
8461441 10947
8464612 10951
8467866 10955
8470949 10959
8473972 10963
8477035 10967
8480274 10971
8483455 10975
8486604 10979
8489962 10983
8493068 10987
8496226 10991
8499392 10995
8502780 10999
8505897 11003
8509001 11007
8512036 11010
8515187 11014
8518468 11019
8521672 11023
8524775 11026
8527785 11030
8530814 11034
8534074 11038
8537488 11042
8540614 11046
8543765 11050
8546854 11054
8550172 11058
8553545 11062
8556679 11066
8559710 11069
8562767 11073
8565936 11077
8569397 11081
8572710 11085
8575691 11089
8578762 11092
8582223 11097
8585550 11101
8588608 11104
8591646 11108
8594734 11112
8597730 11115
8601043 11119
8604375 11124
8607628 11127
8610889 11131
8614010 11135
8617470 11139
8620599 11143
8623578 11146
8626610 11150
8629735 11154
8632934 11158
8636157 11161
8639213 11165
8642452 11169
8645757 11173
8649002 11176
8652412 11180
8655691 11184
8658761 11188
8661791 11191
8664924 11195
8668104 11199
8671278 11202
8674725 11206
8677853 11210
8680896 11213
8684594 11218
8687669 11221
8690630 11225
8693794 11228
8696825 11232
8700111 11235
8703485 11239
8706803 11243
8709873 11247
8712930 11250
8716176 11254
8719353 11258
8722576 11261
8725739 11265
8728711 11268
8731735 11271
8735162 11275

---------------------
Friction testing.
55%
---------------------
44602257 -1
44609239 0
44624774 1
44636283 2
44642634 3
44647292 4
44653849 5
44658223 6
44662485 7
44667197 8
44669311 9
44673672 10
44678275 11
44680609 12
44685237 13
44687529 14
44692230 15
44694507 16
44696943 17
44699292 18
44703876 19
44706216 20
44708514 21
44710721 22
44713091 23
44715398 24
44717729 25
44720216 26
44722585 27
44724956 28
44727200 29
44729483 30
44731854 31
44734219 32
44736590 33
44738914 35
44741278 36
44743519 37
44745961 38
44748316 39
44750632 40
44752950 42
44755379 43
44757635 44
44759996 45
44762408 47
44764870 48
44767266 49
44769472 51
44771678 52
44773976 53
44776302 55
44778809 56
44781295 58
44783640 59
44786092 61
44788399 63
44790758 64
44793251 66
44795569 67
44797945 69
44800212 70
44802429 72
44804672 74
44807036 75
44809378 77
44811636 78
44814175 80
44816616 82
44818950 84
44821279 86
44823459 87
44825678 89
44827965 91
44830361 93
44832672 95
44835307 97
44837582 99
44839789 101
44842371 103
44844979 105
44847579 107
44850090 109
44852531 112
44854945 114
44857311 116
44859691 118
44862358 121
44864859 123
44867360 125
44869904 128
44872403 130
44874870 132
44877448 135
44880003 137
44882534 140
44885051 142
44887513 145
44889912 147
44892263 149
44894704 152
44897398 155
44899946 158
44902292 160
44904672 163
44907291 166
44909844 168
44912413 171
44914947 174
44917446 177
44919957 179
44922369 182
44924730 185
44927311 188
44929952 191
44932446 194
44934960 196
44937616 200
44940058 202
44942596 205
44945305 209
44947901 212
44950374 215
44952855 218
44955325 221
44957910 224
44960493 228
44963078 231
44965528 234
44968080 237
44970618 241
44973284 244
44975648 247
44978291 251
44981156 255
44983719 258
44986397 262
44988945 265
44991467 269
44993878 272
44996502 276
44999014 279
45001538 283
45004327 287
45006792 291
45009278 294
45011717 298
45014457 301
45016980 305
45019481 309
45021945 313
45024395 316
45026800 320
45029487 324
45031926 328
45034480 331
45037009 335
45039475 339
45041901 343
45044238 347
45046738 351
45049402 355
45051944 359
45054513 363
45057041 367
45059590 371
45062288 376
45064982 381
45067514 385
45069917 389
45072331 393
45074882 397
45077398 401
45079824 406
45082397 410
45084905 414
45087455 418
45089988 423
45092544 427
45095300 432
45097881 437
45100279 441
45102720 445
45105405 450
45107816 454
45110318 459
45112869 463
45115323 468
45117828 472
45120299 477
45122836 481
45125385 486
45127814 491
45130485 496
45132985 500
45135463 505
45137843 510
45140410 514
45142816 519
45145446 524
45147937 529
45150445 534
45153084 539
45155540 543
45158242 548
45160730 553
45163403 558
45165901 563
45168387 568
45170771 573
45173355 578
45175711 583
45178288 588
45180906 593
45183415 598
45185946 603
45188505 608
45190987 613
45193329 618
45195799 624
45198365 629
45200857 634
45203389 639
45205790 644
45208294 649
45210660 654
45213355 660
45215884 665
45218368 670
45220883 676
45223270 681
45225651 686
45228108 691
45230674 697
45233249 702
45235696 708
45238414 713
45240956 719
45243420 724
45245973 730
45248469 736
45250926 741
45253336 747
45255829 752
45258207 757
45260579 763
45263052 769
45265615 774
45268181 780
45270645 786
45273206 792
45275814 798
45278412 804
45280918 810
45283376 816
45285721 821
45288344 827
45290857 833
45293380 839
45295850 845
45298387 851
45300901 857
45303401 863
45305845 869
45308377 876
45310913 882
45313505 888
45316003 895
45318491 901
45320905 907
45323258 912
45325627 918
45328228 925
45330808 931
45333297 937
45335641 943
45338299 950
45340894 957
45343338 963
45345921 969
45348467 976
45350922 982
45353325 988
45355702 995
45358258 1001
45360847 1008
45363485 1015
45366232 1022
45368940 1029
45371629 1036
45374210 1043
45376742 1050
45379628 1057
45382259 1064
45384995 1072
45387646 1079
45390391 1086
45392928 1093
45395525 1100
45398253 1107
45401001 1114
45403683 1122
45406505 1129
45409208 1137
45411818 1144
45414594 1151
45417191 1159
45419752 1166
45422477 1173
45425191 1180
45427719 1188
45430607 1195
45433239 1203
45435948 1210
45438618 1219
45441153 1225
45443646 1232
45446470 1240
45449217 1248
45451870 1256
45454535 1263
45457160 1271
45459831 1278
45462517 1286
45465270 1294
45467826 1302
45470360 1309
45472909 1317
45475445 1324
45478241 1332
45480992 1340
45483626 1349
45486480 1357
45489186 1365
45491843 1373
45494718 1382
45497479 1390
45500183 1398
45502807 1406
45505475 1415
45508152 1423
45510724 1431
45513574 1440
45516231 1448
45518951 1456
45521532 1464
45524237 1472
45526960 1480
45529709 1489
45532587 1498
45535213 1506
45537741 1514
45540443 1523
45543201 1531
45545818 1540
45548554 1548
45551178 1556
45553823 1564
45556512 1573
45559186 1581
45561937 1590
45564659 1599
45567513 1607
45570165 1615
45572705 1624
45575508 1632
45578277 1641
45581028 1649
45583637 1658
45586493 1666
45589261 1675
45591891 1683
45594463 1691
45597268 1700
45599931 1708
45602442 1716
45605176 1725
45607739 1733
45610431 1742
45613222 1750
45615947 1759
45618642 1768
45621479 1777
45624119 1785
45626751 1794
45629534 1803
45632235 1812
45634892 1820
45637468 1829
45640132 1838
45642666 1847
45645503 1856
45648275 1865
45650926 1874
45653538 1883
45656136 1891
45658680 1900
45661440 1909
45664251 1919
45666852 1928
45669526 1937
45672182 1946
45674783 1955
45677437 1964
45680255 1973
45683066 1983
45685651 1993
45688356 2002
45690899 2010
45693449 2019
45696241 2029
45698999 2039
45701624 2048
45704312 2057
45706943 2066
45709632 2076
45712455 2085
45715208 2095
45717747 2104
45720312 2113
45722863 2122
45725363 2131
45728212 2141
45730999 2151
45733554 2160
45736117 2169
45738702 2179
45741478 2188
45744152 2198
45746926 2208
45749557 2218
45752193 2227
45754749 2236
45757292 2246
45759904 2255
45762688 2266
45765388 2276
45768113 2285
45770796 2295
45773510 2305
45776147 2315
45778775 2325
45781503 2335
45784124 2345
45786666 2355
45789434 2365
45792141 2376
45794717 2386
45797518 2396
45800359 2407
45803717 2420
45806790 2431
45809806 2442
45812884 2453
45816133 2466
45819214 2478
45822264 2489
45825319 2501
45828495 2513
45831691 2525
45834915 2537
45837968 2549
45840988 2560
45843871 2571
45846945 2582
45849908 2593
45852956 2605
45855875 2616
45858926 2627
45862080 2639
45865178 2650
45868041 2661
45870871 2671
45873752 2682
45876765 2693
45879867 2705
45882904 2716
45885811 2727
45888686 2737
45891677 2749
45894740 2760
45898033 2772
45901144 2783
45903983 2794
45906895 2805
45909726 2815
45912778 2827
45915860 2838
45918871 2849
45921844 2860
45924843 2872
45927850 2883
45931014 2894
45933907 2905
45936910 2916
45939831 2927
45942657 2938
45945715 2949
45948769 2960
45951693 2971
45954802 2982
45957777 2994
45960727 3005
45963754 3016
45966724 3027
45969768 3038
45972587 3048
45975702 3059
45978811 3071
45981890 3082
45984908 3093
45987992 3104
45990973 3115
45993831 3125
45996874 3136
45999854 3147
46002827 3158
46005662 3168
46008630 3179
46011748 3190
46014877 3201
46017906 3212
46020947 3222
46023868 3232
46026732 3242
46029829 3254
46032851 3264
46035746 3275
46038693 3285
46041772 3296
46044679 3307
46048007 3319
46051028 3329
46053964 3340
46056834 3350
46059689 3360
46062693 3371
46065719 3382
46068868 3393
46071792 3404
46074645 3414
46077786 3425
46080979 3436
46083904 3446
46086930 3457
46089804 3467
46092593 3478
46095780 3489
46098699 3500
46101730 3510
46104732 3521
46107553 3532
46110760 3542
46113975 3553
46116995 3564
46119828 3574
46122667 3584
46125538 3594
46128719 3605
46131689 3615
46134602 3626
46137697 3636
46140697 3647
46143707 3657
46146864 3668
46149778 3678
46152571 3688
46156033 3699
46158968 3710
46162140 3721
46165175 3731
46168013 3741
46171085 3752
46174123 3762
46177050 3772
46180087 3783
46183058 3793
46186020 3803
46188868 3813
46191935 3824
46194949 3835
46198091 3846
46201160 3856
46204187 3867
46207171 3877
46210039 3887
46213085 3898
46216013 3908
46219004 3918
46221836 3928
46224854 3938
46227836 3949
46230917 3959
46233973 3970
46236939 3980
46239851 3990
46242800 4001
46245765 4011
46248867 4022
46251712 4032
46254720 4042
46257587 4052
46260580 4062
46263821 4073
46266844 4083
46269931 4094
46272814 4103
46275666 4113
46278691 4123
46281752 4134
46284811 4144
46287807 4154
46290631 4164
46293619 4174
46296876 4185
46300014 4195
46302906 4204
46305744 4214
46308634 4223
46311576 4232
46314803 4243
46317723 4253
46320544 4262
46323558 4272
46326912 4283
46330071 4294
46333134 4304
46335956 4313
46339017 4323
46341986 4333
46344880 4342
46348030 4353
46351026 4363
46353970 4373
46357129 4383
46360268 4393
46363503 4405
46366803 4415
46370115 4426
46373325 4436
46376367 4446
46379515 4457
46382640 4467
46385603 4477
46388896 4487
46392000 4498
46395150 4508
46398273 4518
46401526 4530
46404606 4539
46407748 4549
46410740 4559
46413781 4569
46416677 4578
46419673 4587
46422691 4597
46425660 4607
46428717 4617
46431713 4626
46434646 4636
46437549 4645
46440736 4655
46443785 4665
46446978 4675
46450187 4685
46453504 4696
46456674 4706
46459715 4715
46462847 4725
46465884 4735
46468831 4744
46471772 4754
46474800 4763
46477765 4773
46481029 4783
46484096 4793
46486998 4802
46489793 4811
46492754 4820
46495771 4830
46498826 4840
46501938 4850
46504869 4859
46507882 4869
46510871 4878
46514135 4889
46517248 4899
46520338 4908
46523268 4918
46526360 4927
46529536 4938
46532775 4948
46535692 4957
46538546 4966
46541762 4976
46544882 4986
46547970 4996
46550999 5006
46553856 5015
46556740 5024
46559577 5033
46562709 5043
46565855 5052
46568858 5062
46571642 5070
46574670 5080
46577809 5090
46580884 5099
46583877 5109
46586846 5118
46589703 5127
46592510 5136
46595933 5146
46599034 5156
46602019 5165
46605281 5175
46608440 5184
46611521 5194
46614605 5203
46617581 5212
46620590 5221
46623471 5230
46626632 5240
46629757 5249
46632745 5258
46635838 5267
46638868 5277
46641776 5285
46644689 5294
46647766 5303
46650635 5312
46653578 5321
46656692 5330
46659699 5339
46662659 5348
46665801 5358
46668768 5367
46671714 5376
46674558 5384
46677485 5393
46680717 5403
46683625 5412
46686521 5421
46689565 5429
46692621 5438
46695638 5447
46698776 5457
46701949 5466
46704870 5475
46707750 5483
46710587 5492
46713641 5501
46716595 5510
46719690 5519
46722882 5529
46725889 5538
46728896 5547
46731916 5555
46734849 5564
46737775 5572
46740604 5581
46743490 5590
46746788 5599
46749732 5607
46752727 5616
46755596 5625
46758686 5634
46761588 5642
46764859 5652
46767927 5661
46771027 5670
46773897 5678
46776760 5686
46779867 5695
46782853 5703
46785782 5712
46788862 5721
46791876 5729
46794938 5738
46798055 5747
46800915 5756
46803879 5764
46806777 5773
46809541 5781
46812737 5790
46815814 5799
46818826 5807
46821900 5816
46824936 5825
46827736 5833
46830864 5842
46833743 5850
46836710 5859
46839732 5868
46842783 5877
46845874 5886
46848918 5894
46852094 5904
46855379 5913
46858297 5921
46861290 5930
46864413 5940
46867502 5948
46870589 5957
46873443 5966
46876490 5974
46879653 5983
46882843 5992
46885974 6001
46888898 6010
46891721 6018
46894689 6026
46897740 6035
46900580 6043
46903701 6052
46906541 6060
46909392 6068
46912502 6077
46915677 6086
46918715 6094
46921607 6103
46924568 6111
46927507 6120
46930644 6128
46933547 6136
46936492 6145
46939480 6153
46942567 6162
46945597 6170
46948644 6178
46951558 6186
46954387 6194
46957290 6202
46960205 6210
46963386 6219
46966420 6228
46969562 6236
46972509 6244
46975674 6252
46978765 6261
46981757 6269
46984740 6277
46987801 6285
46990773 6293
46993652 6301
46996693 6310
46999707 6318
47002655 6326
47005638 6334
47008765 6343
47011800 6351
47014822 6359
47017792 6367
47020653 6375
47023530 6383
47026403 6391
47029774 6400
47032851 6408
47035757 6416
47038859 6424
47041824 6432
47044845 6441
47047942 6449
47050973 6457
47053894 6465
47056839 6473
47059759 6481
47062891 6489
47065955 6498
47069117 6506
47072402 6515
47075551 6524
47078726 6532
47081860 6540
47084862 6548
47087740 6556
47090707 6564
47093666 6572
47096698 6580
47099913 6588
47103005 6596
47105905 6604
47108777 6612
47111734 6619
47114726 6627
47117638 6635
47120572 6643
47123629 6651
47126450 6659
47129721 6667
47132910 6675
47135927 6683
47138858 6691
47141839 6698
47145046 6707
47148182 6715
47151350 6723
47154503 6732
47157507 6739
47160552 6747
47164026 6756
47167178 6764
47170204 6772
47173299 6780
47176236 6788
47179357 6796
47182517 6804
47185626 6813
47188623 6820
47191593 6828
47194786 6836
47197939 6844
47200917 6852
47203873 6860
47206780 6867
47209629 6875
47212658 6883
47215740 6891
47218819 6899
47221722 6906
47224721 6914
47227787 6922
47230980 6930
47233992 6938
47236841 6945
47239711 6953
47242585 6960
47245603 6968
47248650 6976
47251575 6983
47254669 6992
47257690 6999
47260602 7007
47263702 7014
47266567 7022
47269379 7030
47272434 7037
47275456 7045
47278590 7052
47281590 7060
47284627 7068
47287719 7076
47290770 7083
47293670 7091
47296824 7099
47299898 7107
47302850 7114
47305864 7122
47308840 7129
47311828 7137
47314896 7145
47318043 7153
47321175 7160
47324218 7168
47327827 7177
47330955 7184
47334022 7192
47336947 7199
47339947 7207
47342797 7216
47345836 7221
47348920 7229
47351885 7236
47354853 7243
47357682 7250
47360553 7257
47363660 7265
47366591 7272
47369542 7279
47372514 7287
47375380 7294
47378646 7301
47381657 7309
47384612 7316
47387471 7323
47390456 7330
47393328 7337
47396412 7345
47399666 7353
47402588 7360
47405435 7367
47408593 7374
47411818 7382
47415065 7390
47418225 7398
47421180 7405
47424178 7412
47427180 7419
47430451 7427
47433551 7435
47436608 7442
47439708 7449
47442858 7457
47445859 7464
47448937 7471
47451888 7478
47454907 7486
47457770 7493
47460743 7500
47463902 7507
47466810 7514
47469641 7521
47472638 7528
47475698 7535
47478730 7542
47481877 7549
47485083 7557
47487998 7564
47490930 7571
47493833 7577
47497071 7585
47500359 7593
47503690 7601
47506773 7608
47509698 7614
47512698 7621
47515797 7629
47518725 7635
47521613 7642
47524598 7649
47527513 7656
47530650 7663
47533733 7670
47536847 7677
47539772 7684
47542660 7690
47545737 7698
47548688 7704
47551626 7711
47554629 7718
47557552 7725
47560501 7731
47563801 7739
47566947 7746
47569795 7753
47572682 7759
47575730 7766
47578896 7773
47582085 7781
47585055 7787
47588167 7794
47591180 7801
47594291 7808
47597504 7815
47600431 7822
47603454 7829
47606296 7835
47609226 7842
47612244 7849
47615289 7855
47618529 7863
47621556 7870
47625005 7878
47628000 7884
47631134 7891
47634187 7898
47637296 7905
47640333 7912
47643353 7919
47646654 7926
47649790 7933
47652700 7940
47655682 7946
47658763 7953
47661951 7960
47665071 7967
47668134 7974
47671150 7981
47674133 7987
47677176 7994
47680345 8002
47683450 8008
47686727 8016
47689820 8022
47692815 8029
47695954 8036
47699001 8043
47702126 8049
47705189 8056
47708208 8063
47711272 8070
47714336 8077
47717490 8083
47720544 8090
47723531 8096
47726330 8103
47729559 8109
47732576 8116
47735509 8122
47738502 8129
47741541 8135
47744359 8142
47747576 8148
47750663 8155
47753710 8162
47756660 8168
47759569 8174
47762743 8181
47765815 8187
47768725 8193
47771864 8200
47774796 8206
47777717 8212
47780953 8219
47784291 8227
47787443 8233
47790361 8239
47793437 8246
47796500 8252
47799469 8258
47802507 8264
47805337 8270
47808347 8277
47811800 8283
47814861 8290
47817740 8296
47820591 8301
47823443 8307
47826377 8314
47829562 8320
47832614 8326
47835630 8332
47838411 8338
47841451 8344
47844553 8351
47847631 8357
47850501 8363
47853350 8369
47856228 8374
47859151 8380
47862249 8387
47865382 8393
47868433 8400
47871382 8406
47874364 8412
47877464 8418
47880542 8424
47883496 8430
47886392 8436
47889356 8442
47892286 8448
47895524 8454
47898532 8460
47901461 8466
47904486 8472
47907487 8478
47910457 8484
47913570 8490
47916638 8496
47919593 8502
47922452 8508
47925461 8513
47928453 8519
47931488 8525
47934465 8531
47937564 8537
47940582 8543
47943576 8549
47946641 8555
47949653 8561
47952520 8566
47955421 8572
47958367 8578
47961465 8584
47964660 8590
47967596 8596
47970678 8602
47973634 8607
47976434 8613
47979576 8619
47982530 8624
47985518 8630
47988437 8636
47991316 8641
47994334 8647
47997678 8654
48000776 8660
48003682 8665
48006593 8670
48009443 8676
48012477 8681
48015568 8687
48018471 8693
48021393 8698
48024425 8704
48027336 8710
48030763 8716
48033956 8722
48036813 8727
48039660 8733
48042597 8738
48045552 8744
48048686 8750
48051632 8755
48054576 8761
48057521 8766
48060590 8772
48063728 8778
48066753 8784
48069700 8789
48072634 8794
48075507 8799
48078444 8805
48081443 8811
48084396 8816
48087350 8822
48090492 8827
48093506 8833
48096531 8838
48099552 8844
48102472 8849
48105428 8855
48108264 8860
48111607 8866
48114865 8872
48117800 8878
48121007 8884
48124255 8890
48127300 8895
48130516 8901
48133475 8906
48136262 8911
48139363 8917
48142277 8922
48145444 8928
48148462 8933
48151564 8939
48154761 8945
48157681 8950
48160572 8955
48163728 8961
48166759 8966
48169544 8971
48172553 8977
48175604 8982
48178679 8988
48181801 8994
48185002 8999
48188150 9005
48191076 9010
48194083 9016
48197350 9022
48200357 9027
48203433 9033
48206301 9038
48209318 9043
48212566 9049
48215664 9054
48218690 9059
48221557 9064
48224421 9069
48227332 9074
48230636 9080
48233692 9085
48236676 9091
48239567 9096
48242400 9101
48245562 9106
48248673 9111
48251557 9117
48254513 9122
48257354 9127
48260227 9132
48263458 9137
48266528 9142
48269434 9147
48272269 9153
48275540 9158
48278625 9163
48281606 9168
48284553 9173
48287521 9178
48290465 9183
48293345 9188
48296417 9193
48299390 9198
48302378 9203
48305448 9208
48308466 9213
48311427 9219
48314408 9224
48317326 9229
48320343 9234
48323239 9239
48326287 9244
48329565 9249
48332551 9254
48335566 9259
48338712 9264
48341772 9269
48344875 9274
48348280 9280
48351416 9285
48354441 9290
48357481 9295
48360518 9299
48363661 9304
48366639 9309
48369771 9314
48372891 9319
48375724 9324
48378794 9329
48381868 9334
48384847 9338
48387794 9343
48390746 9348
48393708 9353
48396756 9358
48399899 9363
48403188 9368
48406311 9373
48409323 9378
48412331 9383
48415429 9387
48418344 9392
48421334 9397
48424308 9402
48427288 9406
48430678 9412
48433776 9416
48436773 9421
48439762 9426
48442626 9430
48445635 9435
48448842 9440
48451979 9445
48455057 9449
48458049 9454
48461587 9459
48464777 9464
48467912 9469
48470854 9474
48473662 9478
48476596 9482
48479746 9487
48482812 9492
48486050 9497
48489137 9502
48492341 9507
48495492 9511
48498638 9516
48501605 9521
48504509 9525
48507451 9530
48510372 9534
48513526 9539
48516555 9543
48519395 9547
48522437 9552
48525419 9556
48528627 9561
48531727 9566
48534678 9570
48537539 9574
48540422 9578
48543320 9583
48546382 9587
48549424 9592
48552442 9596
48555529 9601
48558457 9605
48561598 9609
48564675 9614
48567649 9618
48570505 9622
48573400 9627
48576282 9631
48579432 9635
48582508 9640
48585636 9644
48588627 9649
48591620 9653
48594462 9657
48597526 9661
48600452 9666
48603282 9670
48606398 9674
48609369 9678
48612372 9682
48615514 9687
48618541 9691
48621457 9695
48624303 9699
48627187 9703
48630437 9708
48633421 9712
48636440 9716
48639318 9720
48642322 9725
48645544 9729
48648935 9734
48652145 9738
48655096 9742
48657974 9747
48660965 9751
48664162 9755
48667442 9760
48670452 9764
48673421 9768
48676414 9772
48679635 9777
48682699 9781
48685648 9785
48688505 9789
48691344 9793
48694216 9797
48697479 9801
48700443 9805
48703317 9809
48706221 9813
48709662 9818
48712844 9822
48715785 9826
48718761 9830
48721584 9834
48724457 9838
48727340 9842
48730535 9846
48733543 9850
48736406 9854
48739580 9858
48742633 9862
48745797 9867
48749049 9871
48752072 9875
48755127 9879
48758037 9883
48761198 9888
48764436 9892
48767328 9896
48770354 9900
48773527 9904
48776534 9908
48779556 9912
48782511 9916
48785585 9920
48788586 9924
48791559 9928
48794533 9932
48797585 9936
48800522 9939
48803598 9943
48806542 9947
48809411 9951
48812435 9955
48815487 9959
48818442 9963
48821388 9966
48824463 9971
48827373 9974
48830584 9979
48833714 9983
48836574 9986
48839513 9990
48842367 9994
48845402 9998
48848438 10002
48851628 10006
48854616 10010
48857659 10014
48860857 10018
48864238 10022
48867413 10026
48870364 10030
48873454 10034
48876503 10038
48879729 10042
48882923 10046
48886036 10050
48889179 10054
48892445 10058
48895781 10062
48899189 10066
48902356 10070
48905380 10074
48908391 10077
48911618 10081
48914927 10085
48917988 10089
48921007 10093
48924185 10097
48927439 10101
48930687 10105
48933785 10109
48936818 10112
48939966 10116
48943164 10120
48946649 10124
48949772 10128
48952886 10132
48956185 10136
48959393 10140
48962684 10144
48966101 10148
48969252 10152
48972272 10155
48975479 10159
48978774 10163
48982148 10167
48985763 10171
48988932 10175
48991974 10178
48995168 10182
48998401 10186
49001497 10189
49004502 10193
49007675 10196
49010652 10200
49013920 10203
49017411 10207
49020556 10211
49023564 10216
49026599 10218
49029832 10222
49033135 10225
49036426 10229
49039557 10232
49042611 10236
49045767 10239
49049273 10243
49052566 10247
49055682 10251
49058737 10254
49061867 10258
49065172 10261
49068469 10265
49071704 10268
49074655 10271
49077848 10275
49081466 10279
49084680 10282
49087821 10286
49090975 10289
49094094 10293
49097498 10296
49100624 10299
49103783 10303
49106842 10306
49110236 10310
49113806 10314
49117184 10317
49120462 10320
49123658 10324
49126715 10327
49129835 10330
49133128 10334
49136410 10337
49139374 10340
49142676 10344
49145934 10347
49149486 10351
49152492 10354
49155560 10357
49158576 10360
49161728 10363
49165225 10367
49168208 10370
49171415 10373
49174665 10377
49177756 10380
49181145 10383
49184341 10386
49187460 10389
49190511 10393
49193576 10396
49196770 10399
49200062 10402
49203306 10405
49206601 10409
49209651 10412
49212865 10415
49216216 10418
49219371 10421
49222403 10424
49225540 10427
49228608 10430
49231688 10433
49235159 10437
49238422 10440
49241450 10443
49244468 10445
49247724 10449
49250996 10452
49254087 10455
49257310 10458
49260273 10460
49263558 10464
49266894 10467
49270002 10470
49272982 10472
49276058 10475
49279271 10478
49282436 10481
49285652 10484
49288628 10487
49291678 10490
49295333 10493
49298492 10496
49301535 10499
49304598 10502
49307674 10505
49310689 10508
49314115 10511
49317460 10514
49320529 10517
49323638 10519
49327084 10523
49330421 10526
49333616 10529
49336704 10532
49339968 10534
49342983 10537
49346273 10540
49349438 10543
49352675 10546
49356049 10549
49359368 10552
49362573 10554
49365778 10557
49368918 10560
49372041 10563
49375220 10566
49378512 10568
49381660 10571
49384901 10574
49388309 10577
49391357 10580
49394507 10582
49397976 10586
49401091 10588
49404306 10591
49407317 10593
49410370 10596
49413672 10599
49416745 10601
49419919 10604
49423041 10607
49426325 10609
49429583 10612
49432725 10615
49435972 10618
49439109 10620
49442547 10623
49445674 10626
49449089 10629
49452617 10632
49456000 10635
49459257 10637
49462509 10640
49465683 10643
49468912 10646
49472203 10648
49475274 10651
49478369 10653
49481639 10656
49485068 10659
49488329 10662
49491355 10664
49494396 10666
49497652 10669
49500881 10672
49504025 10674
49507337 10677
49510380 10679
49514354 10682
49517517 10685
49520613 10688
49523633 10690
49526696 10692
49530077 10695
49533543 10698
49536644 10700
49539969 10703
49543269 10706
49546645 10708
49550004 10711
49553111 10714
49556242 10716
49559239 10718
49562473 10721
49565752 10724
49568937 10726
49572015 10729
49575516 10731
49578644 10734
49581998 10736
49585338 10739
49588337 10741
49591345 10744
49594558 10746
49597858 10749
49600941 10751
