---------------------------------------
Time Duty_cycle X X_dot Theta Theta_dot
-0.030270984248888938 1604682493626 0.8948221121769261 0 0.0 0.0009494533155554874 -0.0006427200397477796 
-0.030270984248888938 1604682493658 0.9494533155554874 0 0.0 0.0009494533155554874 0.0 
-0.030270984248888938 1604682493683 0.9494533155554874 0 0.0 0.0009494533155554874 0.0 
-0.030270984248888938 1604682493704 0.9494533155554874 0 0.0 0.0009494533155554874 0.0 
-0.030270984248888938 1604682493740 -18.99578118506118 0 0.0 -0.004984666039999884 -0.164836648765427 
-0.030270984248888938 1604682493761 24.968507849946274 0 0.0 0.0009494533155554874 0.28257711216930337 
-0.030270984248888938 1604682493811 -7.061607814443937 0 0.0 -0.002017606362222077 -0.059341193555551286 
-0.030270984248888938 1604682493846 -2.017606362222077 0 0.0 -0.002017606362222077 0.0 
-0.030270984248888938 1604682493936 3.751676344567632 0 0.0 0.0009494533155554874 0.03296732975308405 
-0.030270984248888938 1604682493981 0.9494533155554874 0 0.0 0.0009494533155554874 0.0 
-0.030270984248888938 1604682494021 0.9494533155554874 0 0.0 0.0009494533155554874 0.0 
-0.030270984248888938 1604682494065 -7.749426194292372 0 0.0 -0.002017606362222077 -0.06743317449494465 
-0.030270984248888938 1604682494099 8.367102509999397 0 0.0 0.0009494533155554874 0.08726646111110482 
-0.030270984248888938 1604682494116 -16.852904751109897 0 0.0 -0.002017606362222077 -0.17453292222220965 
-0.030270984248888938 1604682494157 -2.017606362222077 0 0.0 -0.002017606362222077 0.0 
-0.030270984248888938 1604682494195 7.586297331636882 0 0.0 0.0009494533155554874 0.0780805178362517 
-0.030270984248888938 1604682494230 -9.223322722539018 0 0.0 -0.002017606362222077 -0.08477313365078755 
-0.030270984248888938 1604682494267 7.765671494233676 0 0.0 0.0009494533155554874 0.08019080210209634 
-0.030270984248888938 1604682494302 0.9494533155554874 0 0.0 0.0009494533155554874 0.0 
-0.030270984248888938 1604682494324 0.9494533155554874 0 0.0 0.0009494533155554874 0.0 
-0.030270984248888938 1604682494354 -10.42427544925851 0 0.0 -0.002017606362222077 -0.09890198925925214 
-0.030270984248888938 1604682494392 7.586297331636882 0 0.0 0.0009494533155554874 0.0780805178362517 
-0.030270984248888938 1604682494429 0.9494533155554874 0 0.0 0.0009494533155554874 0.0 
-0.030270984248888938 1604682494485 0.9494533155554874 0 0.0 0.0009494533155554874 0.0 
-0.030270984248888938 1604682494553 -5.726430959444032 0 0.0 -0.002017606362222077 -0.04363323055555241 
-0.030270984248888938 1604682494579 -2.017606362222077 0 0.0 -0.002017606362222077 0.0 
-0.030270984248888938 1604682494654 4.31212095037006 0 0.0 0.0009494533155554874 0.03956079570370086 
-0.030270984248888938 1604682494726 0.9494533155554874 0 0.0 0.0009494533155554874 0.0 
-0.030270984248888938 1604682494774 0.9494533155554874 0 0.0 0.0009494533155554874 0.0 
-0.030270984248888938 1604682494823 0.9494533155554874 0 0.0 0.0009494533155554874 0.0 
-0.030270984248888938 1604682494862 0.9494533155554874 0 0.0 0.0009494533155554874 0.0 
-0.030270984248888938 1604682494927 -5.897607479315814 0 0.0 -0.002017606362222077 -0.04564707196580868 
-0.030270984248888938 1604682494961 8.367102509999397 0 0.0 0.0009494533155554874 0.08726646111110482 
-0.030270984248888938 1604682495011 -7.061607814443937 0 0.0 -0.002017606362222077 -0.059341193555551286 
-0.030270984248888938 1604682495061 5.993454767777347 0 0.0 0.0009494533155554874 0.059341193555551286 
-0.030270984248888938 1604682495106 0.9494533155554874 0 0.0 0.0009494533155554874 0.0 
-0.030270984248888938 1604682495132 0.9494533155554874 0 0.0 0.0009494533155554874 0.0 
-0.030270984248888938 1604682495186 0.9494533155554874 0 0.0 0.0009494533155554874 0.0 
-0.030270984248888938 1604682495212 0.9494533155554874 0 0.0 0.0009494533155554874 0.0 
-0.030270984248888938 1604682495245 0.9494533155554874 0 0.0 0.0009494533155554874 0.0 
-0.030270984248888938 1604682495275 0.9494533155554874 0 0.0 0.0009494533155554874 0.0 
-0.030270984248888938 1604682495310 -9.223322722539018 0 0.0 -0.002017606362222077 -0.08477313365078755 
-0.030270984248888938 1604682495354 -2.017606362222077 0 0.0 -0.002017606362222077 0.0 
-0.030270984248888938 1604682495388 8.367102509999397 0 0.0 0.0009494533155554874 0.08726646111110482 
-0.030270984248888938 1604682495449 0.9494533155554874 0 0.0 0.0009494533155554874 0.0 
-0.030270984248888938 1604682495484 -9.223322722539018 0 0.0 -0.002017606362222077 -0.08477313365078755 
-0.030270984248888938 1604682495516 8.830705584652142 0 0.0 0.0009494533155554874 0.09272061493054888 
-0.030270984248888938 1604682495550 0.9494533155554874 0 0.0 0.0009494533155554874 0.0 
-0.030270984248888938 1604682495603 0.9494533155554874 0 0.0 0.0009494533155554874 0.0 
-0.030270984248888938 1604682495641 0.9494533155554874 0 0.0 0.0009494533155554874 0.0 
-0.030270984248888938 1604682495674 0.9494533155554874 0 0.0 0.0009494533155554874 0.0 
-0.030270984248888938 1604682495716 0.9494533155554874 0 0.0 0.0009494533155554874 0.0 
-0.030270984248888938 1604682495763 0.9494533155554874 0 0.0 0.0009494533155554874 0.0 
-0.030270984248888938 1604682495803 0.9494533155554874 0 0.0 0.0009494533155554874 0.0 
-0.030270984248888938 1604682495852 0.4721592017237201 0 0.0 0.0007749203933334232 -0.00356189637187886 
-0.030270984248888938 1604682495889 1.3504073260656348 0 0.0 0.0009494533155554874 0.004717106006001734 
-0.030270984248888938 1604682495936 0.9494533155554874 0 0.0 0.0009494533155554874 0.0 
-0.030270984248888938 1604682495971 -9.82172131301551 0 0.0 -0.0021921392844443874 -0.08975978857142498 
-0.030270984248888938 1604682496027 5.71794208341244 0 0.0 0.0009494533155554874 0.05609986785714062 
-0.030270984248888938 1604682496103 0.9494533155554874 0 0.0 0.0009494533155554874 0.0 
-0.030270984248888938 1604682496151 0.9494533155554874 0 0.0 0.0009494533155554874 0.0 
-0.030270984248888938 1604682496184 -10.284120223838004 0 0.0 -0.0021921392844443874 -0.09519977575757196 
-0.030270984248888938 1604682496210 11.22004450786277 0 0.0 0.0009494533155554874 0.1208304846153798 
-0.030270984248888938 1604682496247 0.9494533155554874 0 0.0 0.0009494533155554874 0.0 
-0.030270984248888938 1604682496280 -9.66003280498247 0 0.0 -0.002017606362222077 -0.08991089932659285 
-0.030270984248888938 1604682496303 11.914673863863877 0 0.0 0.0009494533155554874 0.12900259468598105 
-0.030270984248888938 1604682496344 0.9494533155554874 0 0.0 0.0009494533155554874 0.0 
-0.030270984248888938 1604682496376 -10.536994628194055 0 0.0 -0.0021921392844443874 -0.09817476874999609 
-0.030270984248888938 1604682496439 5.188109998095001 0 0.0 0.0009494533155554874 0.04986654920634722 
-0.030270984248888938 1604682496465 0.9494533155554874 0 0.0 0.0009494533155554874 0.0 
-0.030270984248888938 1604682496508 0.9494533155554874 0 0.0 0.0009494533155554874 0.0 
-0.030270984248888938 1604682496550 0.9494533155554874 0 0.0 0.0009494533155554874 0.0 
-0.030270984248888938 1604682496597 -7.383565353947459 0 0.0 -0.002017606362222077 -0.06312892931441626 
-0.030270984248888938 1604682496643 6.432063589709682 0 0.0 0.0009494533155554874 0.06450129734299052 
-0.030270984248888938 1604682496686 0.9494533155554874 0 0.0 0.0009494533155554874 0.0 
-0.030270984248888938 1604682496715 -10.714160590190799 0 0.0 -0.002017606362222077 -0.10231240268198497 
-0.030270984248888938 1604682496788 4.4042488307759395 0 0.0 0.0009494533155554874 0.04064465312024061 
-0.030270984248888938 1604682496817 -10.714160590190799 0 0.0 -0.002017606362222077 -0.10231240268198497 
-0.030270984248888938 1604682496857 -2.017606362222077 0 0.0 -0.002017606362222077 0.0 
-0.030270984248888938 1604682496892 8.155169675872429 0 0.0 0.0009494533155554874 0.08477313365078755 
-0.030270984248888938 1604682496930 0.9494533155554874 0 0.0 0.0009494533155554874 0.0 
-0.030270984248888938 1604682496963 0.9494533155554874 0 0.0 0.0009494533155554874 0.0 
-0.030270984248888938 1604682496988 0.9494533155554874 0 0.0 0.0009494533155554874 0.0 
-0.030270984248888938 1604682497043 0.9494533155554874 0 0.0 0.0009494533155554874 0.0 
-0.030270984248888938 1604682497102 0.5234746579287546 0 0.0 0.0007749203933334232 -0.002958185122407867 
-0.030270984248888938 1604682497161 0.7749203933334232 0 0.0 0.0007749203933334232 0.0 
-0.030270984248888938 1604682497216 1.2191860135350412 0 0.0 0.0009494533155554874 0.0031733258585829845 
-0.030270984248888938 1604682497249 0.9494533155554874 0 0.0 0.0009494533155554874 0.0 
-0.030270984248888938 1604682497293 0.43775452085898103 0 0.0 0.0007749203933334232 -0.003966657323228731 
-0.030270984248888938 1604682497363 1.1613861496822795 0 0.0 0.0009494533155554874 0.002493327460315202 
-0.030270984248888938 1604682497398 0.3510547250798389 0 0.0 0.0007749203933334232 -0.004986654920630404 
-0.030270984248888938 1604682497435 -9.008357463123142 0 0.0 -0.0021921392844443874 -0.080190802102103 
-0.030270984248888938 1604682497468 -1.5680518655888531 0 0.0 -0.002017606362222077 0.005288876430979105 
-0.030270984248888938 1604682497552 3.6006915150264884 0 0.0 0.0007749203933334232 0.03324436613756548 
-0.030270984248888938 1604682497567 1.9384732081471843 0 0.0 0.0009494533155554874 0.01163552814813761 
-0.030270984248888938 1604682497615 0.9494533155554874 0 0.0 0.0009494533155554874 0.0 
-0.030270984248888938 1604682497663 0.9494533155554874 0 0.0 0.0009494533155554874 0.0 
-0.030270984248888938 1604682497716 -6.776098298280435 0 0.0 -0.002017606362222077 -0.0559822580712748 
-0.030270984248888938 1604682497760 -2.017606362222077 0 0.0 -0.002017606362222077 0.0 
-0.030270984248888938 1604682497810 5.993454767777347 0 0.0 0.0009494533155554874 0.059341193555551286 
-0.030270984248888938 1604682497850 -8.3226081774994 0 0.0 -0.002017606362222077 -0.07417649194443911 
-0.030270984248888938 1604682497915 4.829454432649225 0 0.0 0.0009494533155554874 0.04564707196580868 
-0.030270984248888938 1604682497958 -7.882724329921913 0 0.0 -0.002017606362222077 -0.0690013878552922 
-0.030270984248888938 1604682498006 -2.017606362222077 0 0.0 -0.002017606362222077 0.0 
-0.030270984248888938 1604682498049 6.814571283255324 0 0.0 0.0009494533155554874 0.0690013878552922 
-0.030270984248888938 1604682498096 0.9494533155554874 0 0.0 0.0009494533155554874 0.0 
-0.030270984248888938 1604682498145 -7.164546619591321 0 0.0 -0.002017606362222077 -0.06055223832199111 
-0.030270984248888938 1604682498202 -2.017606362222077 0 0.0 -0.002017606362222077 0.0 
-0.030270984248888938 1604682498244 6.954216949152939 0 0.0 0.0009494533155554874 0.07064427804232296 
-0.030270984248888938 1604682498286 -8.022369995819528 0 0.0 -0.002017606362222077 -0.07064427804232296 
-0.030270984248888938 1604682498329 -10.849784007700201 0 0.0 -0.004984666039999884 -0.06900138785529784 
-0.030270984248888938 1604682498371 12.95898058275088 0 0.0 0.0009494533155554874 0.14128855608465168 
-0.030270984248888938 1604682498401 -10.42427544925851 0 0.0 -0.002017606362222077 -0.09890198925925214 
-0.030270984248888938 1604682498429 9.956598765951664 0 0.0 0.0009494533155554874 0.10596641706348443 
-0.030270984248888938 1604682498460 0.9494533155554874 0 0.0 0.0009494533155554874 0.0 
-0.030270984248888938 1604682498505 -7.622052420246366 0 0.0 -0.002017606362222077 -0.0659346595061681 
-0.030270984248888938 1604682498543 -2.017606362222077 0 0.0 -0.002017606362222077 0.0 
-0.030270984248888938 1604682498597 -2.017606362222077 0 0.0 -0.002017606362222077 0.0 
-0.030270984248888938 1604682498635 7.586297331636882 0 0.0 0.0009494533155554874 0.0780805178362517 
-0.030270984248888938 1604682498675 -8.3226081774994 0 0.0 -0.002017606362222077 -0.07417649194443911 
-0.030270984248888938 1604682498726 -2.017606362222077 0 0.0 -0.002017606362222077 0.0 
-0.030270984248888938 1604682498761 8.155169675872429 0 0.0 0.0009494533155554874 0.08477313365078755 
-0.030270984248888938 1604682498805 0.9494533155554874 0 0.0 0.0009494533155554874 0.0 
-0.030270984248888938 1604682498859 -6.687978077242317 0 0.0 -0.002017606362222077 -0.05494554958847341 
-0.030270984248888938 1604682498896 7.765671494233676 0 0.0 0.0009494533155554874 0.08019080210209634 
-0.030270984248888938 1604682498934 0.9494533155554874 0 0.0 0.0009494533155554874 0.0 
-0.030270984248888938 1604682498966 -9.898858631318731 0 0.0 -0.002017606362222077 -0.09272061493054888 
-0.030270984248888938 1604682499019 -9.743157976058633 0 0.0 -0.004984666039999884 -0.055982258071279385 
-0.030270984248888938 1604682499072 10.466437187672593 0 0.0 0.0009494533155554874 0.11196451614255418 
-0.030270984248888938 1604682499157 0.9494533155554874 0 0.0 0.0009494533155554874 0.0 
-0.030270984248888938 1604682499203 -7.500216636376272 0 0.0 -0.002017606362222077 -0.06450129734299052 
-0.030270984248888938 1604682499244 7.100674598752877 0 0.0 0.0009494533155554874 0.07236730921408693 
-0.030270984248888938 1604682499340 0.9494533155554874 0 0.0 0.0009494533155554874 0.0 
-0.030270984248888938 1604682499401 -6.15203378207606 0 0.0 -0.002017606362222077 -0.048640322586517445 
-0.030270984248888938 1604682499491 3.751676344567632 0 0.0 0.0009494533155554874 0.03296732975308405 
-0.030270984248888938 1604682499521 -10.42427544925851 0 0.0 -0.002017606362222077 -0.09890198925925214 
-0.030270984248888938 1604682499551 9.35612240259192 0 0.0 0.0009494533155554874 0.09890198925925214 
-0.030270984248888938 1604682499597 -7.500216636376272 0 0.0 -0.002017606362222077 -0.06450129734299052 
-0.030270984248888938 1604682499649 5.79945471192266 0 0.0 0.0009494533155554874 0.057058839957260854 
-0.030270984248888938 1604682499680 0.9494533155554874 0 0.0 0.0009494533155554874 0.0 
-0.030270984248888938 1604682499732 0.9494533155554874 0 0.0 0.0009494533155554874 0.0 
-0.030270984248888938 1604682499764 0.9494533155554874 0 0.0 0.0009494533155554874 0.0 
-0.030270984248888938 1604682499807 -7.882724329921913 0 0.0 -0.002017606362222077 -0.0690013878552922 
-0.030270984248888938 1604682499841 8.367102509999397 0 0.0 0.0009494533155554874 0.08726646111110482 
-0.030270984248888938 1604682499916 0.9494533155554874 0 0.0 0.0009494533155554874 0.0 
-0.030270984248888938 1604682499973 0.9494533155554874 0 0.0 0.0009494533155554874 0.0 
-0.030270984248888938 1604682500030 -6.442169039609673 0 0.0 -0.002017606362222077 -0.05205367855750113 
-0.030270984248888938 1604682500083 5.707945251613846 0 0.0 0.0009494533155554874 0.0559822580712748 
-0.030270984248888938 1604682500107 0.9494533155554874 0 0.0 0.0009494533155554874 0.0 
-0.030270984248888938 1604682500157 -7.061607814443937 0 0.0 -0.002017606362222077 -0.059341193555551286 
-0.030270984248888938 1604682500209 5.79945471192266 0 0.0 0.0009494533155554874 0.057058839957260854 
-0.030270984248888938 1604682500253 -8.2611249889896 0 0.0 -0.0021921392844443874 -0.07139983181817898 
-0.030270984248888938 1604682500284 -1.539048349677032 0 0.0 -0.002017606362222077 0.0056300942652358224 
-0.030270984248888938 1604682500319 8.155169675872429 0 0.0 0.0009494533155554874 0.08477313365078755 
-0.030270984248888938 1604682500353 0.9494533155554874 0 0.0 0.0009494533155554874 0.0 
-0.030270984248888938 1604682500396 0.9494533155554874 0 0.0 0.0009494533155554874 0.0 
-0.030270984248888938 1604682500433 0.9494533155554874 0 0.0 0.0009494533155554874 0.0 
-0.030270984248888938 1604682500474 -8.168827645419466 0 0.0 -0.002017606362222077 -0.07236730921408693 
-0.030270984248888938 1604682500510 -2.017606362222077 0 0.0 -0.002017606362222077 0.0 
-0.030270984248888938 1604682500542 8.830705584652142 0 0.0 0.0009494533155554874 0.09272061493054888 
-0.030270984248888938 1604682500616 0.9494533155554874 0 0.0 0.0009494533155554874 0.0 
-0.030270984248888938 1604682500653 0.9494533155554874 0 0.0 0.0009494533155554874 0.0 
-0.030270984248888938 1604682500681 -22.998956940792976 0 0.0 -0.004984666039999884 -0.21193283412697755 
-0.030270984248888938 1604682500703 9.446033301919451 0 0.0 -0.002017606362222077 0.13486634898990033 
-0.030270984248888938 1604682500739 7.955010888085848 0 0.0 0.0009494533155554874 0.08241832438271013 
-0.030270984248888938 1604682500782 -7.882724329921913 0 0.0 -0.002017606362222077 -0.0690013878552922 
-0.030270984248888938 1604682500827 -2.017606362222077 0 0.0 -0.002017606362222077 0.0 
-0.030270984248888938 1604682500885 -2.017606362222077 0 0.0 -0.002017606362222077 0.0 
-0.030270984248888938 1604682500920 8.155169675872429 0 0.0 0.0009494533155554874 0.08477313365078755 
-0.030270984248888938 1604682500958 -8.654450378303471 0 0.0 -0.002017606362222077 -0.0780805178362517 
-0.030270984248888938 1604682500992 -2.017606362222077 0 0.0 -0.002017606362222077 0.0 
-0.030270984248888938 1604682501045 -2.017606362222077 0 0.0 -0.002017606362222077 0.0 
-0.030270984248888938 1604682501081 7.955010888085848 0 0.0 0.0009494533155554874 0.08241832438271013 
-0.030270984248888938 1604682501119 0.9494533155554874 0 0.0 0.0009494533155554874 0.0 
-0.030270984248888938 1604682501146 -11.358349792262556 0 0.0 -0.002017606362222077 -0.10989109917694682 
-0.030270984248888938 1604682501204 5.297730429539849 0 0.0 0.0009494533155554874 0.05115620134099248 
-0.030270984248888938 1604682501254 -15.072668944444015 0 0.0 -0.004984666039999884 -0.11868238711110743 
-0.030270984248888938 1604682501307 -4.984666039999884 0 0.0 -0.004984666039999884 0.0 
-0.030270984248888938 1604682501344 -24.551221752912994 0 0.0 -0.010918785395555498 -0.1603816042042058 
-0.030270984248888938 1604682501369 -10.9187853955555 0 0.0 -0.010918785395555498 0.0 
-0.030270984248888938 1604682501410 -10.9187853955555 0 0.0 -0.010918785395555498 0.0 
-0.030270984248888938 1604682501436 -10.9187853955555 0 0.0 -0.010918785395555498 0.0 
-0.030270984248888938 1604682501479 -19.75096304103362 0 0.0 -0.013885845073333306 -0.06900138785529784 
-0.030270984248888938 1604682501513 -13.885845073333305 0 0.0 -0.013885845073333306 0.0 
-0.030270984248888938 1604682501544 -13.885845073333305 0 0.0 -0.013885845073333306 0.0 
-0.030270984248888938 1604682501591 -30.061704843546007 0 0.0 -0.019645431506666616 -0.12254439219858108 
-0.030270984248888938 1604682501660 -26.267564700547503 0 0.0 -0.022612491184444417 -0.043000864895330435 
-0.030270984248888938 1604682501718 -44.12818763080457 0 0.0 -0.03133913729555553 -0.15045941570881224 
-0.030270984248888938 1604682501780 -52.857357577275785 0 0.0 -0.04041484925111101 -0.14638245089605617 
-0.030270984248888938 1604682501824 -65.48809019126298 0 0.0 -0.04896696244000005 -0.19436620883838737 
-0.030270984248888938 1604682501869 -74.17727342765437 0 0.0 -0.057693608551111164 -0.19392546913580247 
-0.030270984248888938 1604682501912 -75.35796384206671 0 0.0 -0.06362772790666654 -0.13800277571059022 
-0.030270984248888938 1604682501972 -91.46572900111141 0 0.0 -0.07514690077333339 -0.1919862144444474 
-0.030270984248888938 1604682501997 -112.00825394666593 0 0.0 -0.08352448103999988 -0.3351032106666596 
-0.030270984248888938 1604682502031 -105.51562923999987 0 0.0 -0.08980766623999988 -0.18479956470588232 
-0.030270984248888938 1604682502060 -112.44879911586186 0 0.0 -0.09556725267333319 -0.1986064287356314 
-0.030270984248888938 1604682502104 -120.64049361348515 0 0.0 -0.10411936586222223 -0.19436620883838737 
-0.030270984248888938 1604682502133 -128.8187835449808 0 0.0 -0.11040255106222222 -0.21666155862068914 
-0.030270984248888938 1604682502181 -133.13182807912028 0 0.0 -0.11860559840666662 -0.17089681967592518 
-0.030270984248888938 1604682502250 -151.71626437607063 0 0.0 -0.13344089679555543 -0.21500432447664936 
-0.030270984248888938 1604682502283 -176.50292869656533 0 0.0 -0.1454836684288887 -0.3649324737373722 
-0.030270984248888938 1604682502324 -161.03838300937687 0 0.0 -0.15054512317333327 -0.12345011571815986 
-0.030270984248888938 1604682502356 -202.87227491708381 0 0.0 -0.16485682279555564 -0.44724061319444897 
-0.030270984248888938 1604682502398 -190.71678410481462 0 0.0 -0.17340893598444443 -0.2036217425925903 
-0.030270984248888938 1604682502445 -200.3687022681322 0 0.0 -0.1830082467066666 -0.2042406536643015 
-0.030270984248888938 1604682502488 -208.46569992010302 0 0.0 -0.1915603598955554 -0.19888635322997195 
-0.030270984248888938 1604682502534 -233.31167024628022 0 0.0 -0.20622112536222212 -0.31871229275362445 
-0.030270984248888938 1604682502579 -230.92723013012377 0 0.0 -0.21477323855111116 -0.19004695975308986 
---------------------------------------
Time Duty_cycle X X_dot Theta Theta_dot
-0.030270984248888938 1604682508725 352.6568771233632 0 0.0 -0.04268377724000007 4.651066521921921 
-0.030270984248888938 1604682508787 -63.37437366473125 0 0.0 -0.05141042335111118 -0.14075235663082436 
-0.030270984248888938 1604682508807 -113.71867658444381 0 0.0 -0.06327866206222216 -0.5934119355555489 
-0.030270984248888938 1604682508881 -82.77917829105087 0 0.0 -0.07235437401777765 -0.12264475615615536 
-0.030270984248888938 1604682508927 -146.41324594942057 0 0.0 -0.0983597794288889 -0.565334900241549 
-0.030270984248888938 1604682508972 -141.21730810790103 0 0.0 -0.11319507781777771 -0.3296732975308624 
-0.030270984248888938 1604682509019 -146.03697492699766 0 0.0 -0.12488878360666664 -0.24880225082742394 
-0.030270984248888938 1604682509060 -195.15318395300815 0 0.0 -0.14775259641777777 -0.5576539710027105 
-0.030270984248888938 1604682509103 -200.22612242914687 0 0.0 -0.16538042156222207 -0.40994942196382106 
-0.030270984248888938 1604682509131 -225.25144720309555 0 0.0 -0.18021571995111108 -0.5298320853174643 
-0.030270984248888938 1604682509162 -209.6048120156276 0 0.0 -0.18806970145111118 -0.25335424193548733 
-0.030270984248888938 1604682509193 -222.03043005899613 0 0.0 -0.19714541340666664 -0.29276490179211145 
-0.030270984248888938 1604682509244 -212.03888943629593 0 0.0 -0.20273046691777763 -0.10951085315903909 
-0.030270984248888938 1604682509277 -233.3107504416839 0 0.0 -0.21128258010666667 -0.2591549451178498 
-0.030270984248888938 1604682509333 -234.133926280476 0 0.0 -0.22035829206222216 -0.1620662849206336 
-0.030270984248888938 1604682509379 -220.35829206222215 0 0.0 -0.22035829206222216 0.0 
-0.030270984248888938 1604682509409 -209.65360616592608 0 0.0 -0.21756576530666666 0.09308422518518322 
-0.030270984248888938 1604682509463 -187.016039735473 0 0.0 -0.20569752659555546 0.21978219835391113 
-0.030270984248888938 1604682509508 -166.8736476745679 0 0.0 -0.19225849158444439 0.29864522246913494 
-0.030270984248888938 1604682509564 -170.72549230527804 0 0.0 -0.18370637839555562 0.15271630694444224 
-0.030270984248888938 1604682509611 -132.23773367215077 0 0.0 -0.16538042156222207 0.38991397517730947 
-0.030270984248888938 1604682509631 -132.393699262222 0 0.0 -0.15909723636222206 0.31415926000000066 
-0.030270984248888938 1604682509658 -135.9296069827987 0 0.0 -0.15351218285111107 0.2068538337448516 
-0.030270984248888938 1604682509673 -115.11493996222242 0 0.0 -0.14775259641777777 0.3839724288888865 
-0.030270984248888938 1604682509727 -118.10139218691376 0 0.0 -0.13623342355111118 0.21331801604938136 
-0.030270984248888938 1604682509787 -101.64681613074046 0 0.0 -0.12192172392888881 0.23852832703703947 
-0.030270984248888938 1604682509814 -74.13848833382738 0 0.0 -0.11040255106222222 0.4266360320987627 
-0.030270984248888938 1604682509863 -85.58325714294804 0 0.0 -0.10132683910666673 0.18521861133786696 
-0.030270984248888938 1604682509892 -78.68570623080383 0 0.0 -0.09556725267333319 0.19860642873563952 
-0.030270984248888938 1604682509945 -87.84170105949723 0 0.0 -0.09260019299555561 0.05598225807127506 
-0.030270984248888938 1604682509981 -73.2415830390734 0 0.0 -0.08684060656222206 0.15998851203704298 
-0.030270984248888938 1604682510021 -76.47771430527773 0 0.0 -0.08352448103999988 0.08290313805555463 
-0.030270984248888938 1604682510049 -83.52448103999987 0 0.0 -0.08352448103999988 0.0 
-0.030270984248888938 1604682510086 -83.52448103999987 0 0.0 -0.08352448103999988 0.0 
-0.030270984248888938 1604682510114 -73.66337093444432 0 0.0 -0.08108102012888876 0.08726646111111112 
-0.030270984248888938 1604682510167 -81.98990855404642 0 0.0 -0.08143008597333337 -0.006586148008388813 
-0.030270984248888938 1604682510222 -79.65302349252504 0 0.0 -0.08073195428444438 0.012693303434345311 
-0.030270984248888938 1604682510265 -81.77103400744163 0 0.0 -0.08108102012888876 -0.008117810335915932 
-0.030270984248888938 1604682510298 -82.32919496659979 0 0.0 -0.08143008597333337 -0.010577752861957791 
-0.030270984248888938 1604682510336 -81.43008597333338 0 0.0 -0.08143008597333337 0.0 
-0.030270984248888938 1604682510379 -87.66456431131738 0 0.0 -0.08352448103999988 -0.04870686201550011 
-0.030270984248888938 1604682510413 -84.74621149555604 0 0.0 -0.0838735468844445 -0.010266642483665323 
-0.030270984248888938 1604682510460 -83.8735468844445 0 0.0 -0.0838735468844445 0.0 
-0.030270984248888938 1604682510498 -92.34757955549668 0 0.0 -0.08649154071777769 -0.06889457456139982 
-0.030270984248888938 1604682510530 -89.04408470527807 0 0.0 -0.08718967240666668 -0.021816615277781004 
-0.030270984248888938 1604682510604 -86.43965255171135 0 0.0 -0.08684060656222206 0.004717106006008391 
-0.030270984248888938 1604682510668 -86.84060656222206 0 0.0 -0.08684060656222206 0.0 
-0.030270984248888938 1604682510730 -86.84060656222206 0 0.0 -0.08684060656222206 0.0 
-0.030270984248888938 1604682510788 -86.84060656222206 0 0.0 -0.08684060656222206 0.0 
-0.030270984248888938 1604682510839 -86.84060656222206 0 0.0 -0.08684060656222206 0.0 
-0.030270984248888938 1604682510872 -86.84060656222206 0 0.0 -0.08684060656222206 0.0 
-0.030270984248888938 1604682510908 -86.84060656222206 0 0.0 -0.08684060656222206 0.0 
-0.030270984248888938 1604682510963 -79.28809101878826 0 0.0 -0.0838735468844445 0.05394653959595572 
-0.030270984248888938 1604682510999 -83.8735468844445 0 0.0 -0.0838735468844445 0.0 
-0.030270984248888938 1604682511050 -84.80438913629618 0 0.0 -0.08422261272888888 -0.006844428322438923 
-0.030270984248888938 1604682511106 -83.34371479912713 0 0.0 -0.0838735468844445 0.00623331865079259 
-0.030270984248888938 1604682511163 -84.74314951446384 0 0.0 -0.08422261272888888 -0.006123962183234825 
-0.030270984248888938 1604682511251 -82.85014929505026 0 0.0 -0.08352448103999988 0.007933314646465978 
-0.030270984248888938 1604682511280 -83.52448103999987 0 0.0 -0.08352448103999988 0.0 
-0.030270984248888938 1604682511340 -84.36805683074104 0 0.0 -0.0838735468844445 -0.005817764074077017 
-0.030270984248888938 1604682511368 -82.46481686936441 0 0.0 -0.08352448103999988 0.012466637301593605 
-0.030270984248888938 1604682511396 -84.93321105507995 0 0.0 -0.0838735468844445 -0.012466637301593605 
-0.030270984248888938 1604682511422 -83.8735468844445 0 0.0 -0.0838735468844445 0.0 
-0.030270984248888938 1604682511471 -83.8735468844445 0 0.0 -0.0838735468844445 0.0 
-0.030270984248888938 1604682511501 -83.8735468844445 0 0.0 -0.0838735468844445 0.0 
-0.030270984248888938 1604682511541 -83.8735468844445 0 0.0 -0.0838735468844445 0.0 
-0.030270984248888938 1604682511569 -83.8735468844445 0 0.0 -0.0838735468844445 0.0 
-0.030270984248888938 1604682511607 -92.34757955549668 0 0.0 -0.08649154071777769 -0.06889457456139982 
-0.030270984248888938 1604682511643 -77.69217255574112 0 0.0 -0.0838735468844445 0.07272205092592204 
-0.030270984248888938 1604682511670 -83.8735468844445 0 0.0 -0.0838735468844445 0.0 
-0.030270984248888938 1604682511719 -83.8735468844445 0 0.0 -0.0838735468844445 0.0 
-0.030270984248888938 1604682511773 -90.61245693691328 0 0.0 -0.08649154071777769 -0.04848136728394802 
-0.030270984248888938 1604682511818 -87.49995315728366 0 0.0 -0.08684060656222206 -0.007757018765430471 
-0.030270984248888938 1604682511860 -86.84060656222206 0 0.0 -0.08684060656222206 0.0 
-0.030270984248888938 1604682511916 -85.96170863246034 0 0.0 -0.08649154071777769 0.006233318650792342 
-0.030270984248888938 1604682511950 -98.09798004555533 0 0.0 -0.08980766623999988 -0.09753310359477015 
-0.030270984248888938 1604682511983 -89.80766623999988 0 0.0 -0.08980766623999988 0.0 
-0.030270984248888938 1604682512013 -89.80766623999988 0 0.0 -0.08980766623999988 0.0 
-0.030270984248888938 1604682512045 -89.80766623999988 0 0.0 -0.08980766623999988 0.0 
-0.030270984248888938 1604682512072 -89.80766623999988 0 0.0 -0.08980766623999988 0.0 
-0.030270984248888938 1604682512095 -102.92040057043548 0 0.0 -0.09260019299555561 -0.12141420676329272 
-0.030270984248888938 1604682512131 -102.57281024586358 0 0.0 -0.09556725267333319 -0.08241832438271052 
-0.030270984248888938 1604682512191 -102.3158589992595 0 0.0 -0.0983597794288889 -0.04654211259259532 
-0.030270984248888938 1604682512237 -149.05779914048293 0 0.0 -0.11616213749555551 -0.3870077840579697 
-0.030270984248888938 1604682512295 -172.963576113946 0 0.0 -0.13920048322888873 -0.39721285747126234 
-0.030270984248888938 1604682512333 -166.88232328766117 0 0.0 -0.14775259641777777 -0.2250556102339222 
-0.030270984248888938 1604682512372 -203.80004046678016 0 0.0 -0.16538042156222207 -0.45199551652421294 
-0.030270984248888938 1604682512437 -204.85171320324793 0 0.0 -0.18248464793999994 -0.2631419442735056 
-0.030270984248888938 1604682512494 -254.2268649166083 0 0.0 -0.21128258010666667 -0.5052268801169603 
---------------------------------------
Time Duty_cycle X X_dot Theta Theta_dot
-0.030270984248888938 1604682518649 1094.1364116544446 0 0.0 0.16169427468222228 10.969907493790851 
-0.030270984248888938 1604682518674 331.4100882511108 0 0.0 0.2002660504933333 1.5428710324444406 
-0.030270984248888938 1604682518732 231.6789673050193 0 0.0 0.2130069538155556 0.21967074693486727 
-0.030270984248888938 1604682518796 352.7860079002777 0 0.0 0.27304627906 0.9381144569444435 
---------------------------------------
Time Duty_cycle X X_dot Theta Theta_dot
-0.030270984248888938 1604682524922 -1062.7123523474077 0 0.0 -0.04896696244000005 -11.926416351851854 
-0.030270984248888938 1604682524966 -56.13074556575767 0 0.0 -0.05141042335111118 -0.05553320252525286 
-0.030270984248888938 1604682525014 -36.418772552731454 0 0.0 -0.04599990276222225 0.11271917893518595 
-0.030270984248888938 1604682525060 -46.99398158009644 0 0.0 -0.046348968606666624 -0.007588387922703721 
-0.030270984248888938 1604682525098 -36.180129401403086 0 0.0 -0.043207376006666506 0.08267348947368731 
-0.030270984248888938 1604682525138 21.15163906277752 0 0.0 -0.022612491184444417 0.5148721205555522 
-0.030270984248888938 1604682525191 31.011925899832626 0 0.0 -0.002017606362222077 0.38858273249476116 
-0.030270984248888938 1604682525237 31.284034036569587 0 0.0 0.009676099426666598 0.25421099541062336 
-0.030270984248888938 1604682525264 70.4911265476545 0 0.0 0.024336864893333324 0.5429913135802491 
-0.030270984248888938 1604682525323 24.336864893333324 0 0.0 0.024336864893333324 0.0 
-0.030270984248888938 1604682525386 -16.664520009664912 0 0.0 0.006883572671111102 -0.2770363844797178 
-0.030270984248888938 1604682525417 -15.32151911096797 0 0.0 0.0009494533155554874 -0.19142320501792304 
-0.030270984248888938 1604682525451 -40.589382173332964 0 0.0 -0.010918785395555498 -0.3490658444444407 
-0.030270984248888938 1604682525498 -26.604467596974292 0 0.0 -0.016503838906666735 -0.11883092576832417 
-0.030270984248888938 1604682525554 -9.912104433452207 0 0.0 -0.013885845073333306 0.04674988988095409 
-0.030270984248888938 1604682525663 -24.136852119816446 0 0.0 -0.019645431506666616 -0.052840242507645054 
-0.030270984248888938 1604682525686 63.128703954203395 0 0.0 -0.002017606362222077 0.7664271801932409 
-0.030270984248888938 1604682525735 -2.017606362222077 0 0.0 -0.002017606362222077 0.0 
-0.030270984248888938 1604682525770 28.5007217520631 0 0.0 0.006883572671111102 0.2543194009523765 
-0.030270984248888938 1604682525798 18.85777779928582 0 0.0 0.009850632348888909 0.1059664170634931 
-0.030270984248888938 1604682525825 -15.488962284855534 0 0.0 0.0037419800711112304 -0.22624638065843253 
-0.030270984248888938 1604682525882 18.525224781442148 0 0.0 0.009676099426666598 0.10410735711500645 
-0.030270984248888938 1604682525917 30.021651502857274 0 0.0 0.015610218782222213 0.16954626730158898 
-0.030270984248888938 1604682525961 15.610218782222212 0 0.0 0.015610218782222213 0.0 
-0.030270984248888938 1604682525996 5.437442744126875 0 0.0 0.012643159104444406 -0.08477313365079449 
-0.030270984248888938 1604682526043 4.310140434940776 0 0.0 0.009676099426666598 -0.06312892931442143 
-0.030270984248888938 1604682526072 9.676099426666598 0 0.0 0.009676099426666598 0.0 
-0.030270984248888938 1604682526094 -4.754599915251538 0 0.0 0.0067090397488890376 -0.13486634898988914 
-0.030270984248888938 1604682526131 -22.06530688774761 0 0.0 -0.002017606362222077 -0.2358553003003004 
-0.030270984248888938 1604682526180 -18.24560623251702 0 0.0 -0.007951725717777691 -0.12110447664399213 
-0.030270984248888938 1604682526211 -30.156817499856764 0 0.0 -0.013885845073333306 -0.19142320501792304 
-0.030270984248888938 1604682526251 -13.885845073333305 0 0.0 -0.013885845073333306 0.0 
-0.030270984248888938 1604682526310 -6.644207893672218 0 0.0 -0.010918785395555498 0.050289147080979785 
-0.030270984248888938 1604682526352 7.024861227196003 0 0.0 -0.004984666039999884 0.14128855608465749 
-0.030270984248888938 1604682526396 12.413092979696545 0 0.0 0.0009494533155554874 0.1348663489898948 
-0.030270984248888938 1604682526438 27.337168937248606 0 0.0 0.009676099426666598 0.20777728835978834 
-0.030270984248888938 1604682526489 25.500417708148234 0 0.0 0.015610218782222213 0.11635528148148264 
-0.030270984248888938 1604682526561 15.610218782222212 0 0.0 0.015610218782222213 0.0 
-0.030270984248888938 1604682526629 8.934334507222147 0 0.0 0.012643159104444406 -0.043633230555555985 
-0.030270984248888938 1604682526681 -18.16525807012832 0 0.0 0.0009494533155554874 -0.22487895747863304 
-0.030270984248888938 1604682526744 -33.901723851992784 0 0.0 -0.013885845073333306 -0.23548092680775862 
-0.030270984248888938 1604682526792 -54.50838272055569 0 0.0 -0.02854661054000003 -0.3054326138888901 
-0.030270984248888938 1604682526823 -60.548066343583955 0 0.0 -0.03709872372888884 -0.27587461899641313 
-0.030270984248888938 1604682526860 -37.674210661621835 0 0.0 -0.03727325665111114 -0.004717106006008204 
-0.030270984248888938 1604682526913 -37.27325665111114 0 0.0 -0.03727325665111114 0.0 
-0.030270984248888938 1604682526944 -15.06816486903207 0 0.0 -0.03133913729555553 0.19142320501792304 
-0.030270984248888938 1604682526991 -15.163277525342824 0 0.0 -0.025579550862222217 0.12254439219858108 
-0.030270984248888938 1604682527035 17.91484668702062 0 0.0 -0.010744252473333188 0.33716587247475066 
-0.030270984248888938 1604682527066 43.46229511232979 0 0.0 0.0037419800711112304 0.46729782401433606 
-0.030270984248888938 1604682527092 41.74316748264902 0 0.0 0.012643159104444406 0.34235303974358366 
-0.030270984248888938 1604682527117 51.04040199333328 0 0.0 0.021369805215555517 0.34906584444444433 
-0.030270984248888938 1604682527179 49.509016353190205 0 0.0 0.033238043926666745 0.19142320501792306 
-0.030270984248888938 1604682527234 40.790559470101165 0 0.0 0.03620510360444455 0.05394653959596014 
-0.030270984248888938 1604682527275 36.20510360444455 0 0.0 0.03620510360444455 0.0 
-0.030270984248888938 1604682527316 -0.2680202394582487 0 0.0 0.024336864893333324 -0.28946923685637144 
-0.030270984248888938 1604682527377 3.450138135591974 0 0.0 0.015610218782222213 -0.14305977231329692 
-0.030270984248888938 1604682527420 -36.863307229146834 0 0.0 -0.002017606362222077 -0.4099494219638207 
-0.030270984248888938 1604682527456 -41.908075363457044 0 0.0 -0.013885845073333306 -0.3296732975308675 
-0.030270984248888938 1604682527492 -43.21707228012343 0 0.0 -0.022612491184444417 -0.2424068364197531 
-0.030270984248888938 1604682527533 -32.26714161371228 0 0.0 -0.025754083784444277 -0.07662420975609416 
-0.030270984248888938 1604682527567 -45.301771073333654 0 0.0 -0.03133913729555553 -0.16426627973856617 
-0.030270984248888938 1604682527621 -31.788397965720378 0 0.0 -0.031513670217777845 -0.0032320911522651374 
-0.030270984248888938 1604682527645 -18.038274181203604 0 0.0 -0.02854661054000003 0.12362748657407559 
-0.030270984248888938 1604682527684 -9.679154127464232 0 0.0 -0.022612491184444417 0.15215690655270805 
-0.030270984248888938 1604682527744 -15.442096963148064 0 0.0 -0.019645431506666616 0.049450994629630006 
-0.030270984248888938 1604682527782 46.45202332754404 0 0.0 0.0007749203933334232 0.5373776815789484 
-0.030270984248888938 1604682527828 26.123930249130076 0 0.0 0.009676099426666598 0.19350389202898208 
-0.030270984248888938 1604682527887 67.18321820632798 0 0.0 0.033238043926666745 0.39935499152542625 
-0.030270984248888938 1604682527922 73.92914807904725 0 0.0 0.04510628263777773 0.3390925346031709 
-0.030270984248888938 1604682527971 28.878282767483455 0 0.0 0.03917216328222236 -0.12110447664398706 
-0.030270984248888938 1604682528022 54.99648156370334 0 0.0 0.04510628263777773 0.11635528148147778 
-0.030270984248888938 1604682528079 0.756548506783755 0 0.0 0.02730392457111113 -0.312322071345028 
-0.030270984248888938 1604682528135 5.331476327063511 0 0.0 0.01857727846000002 -0.15583296626984128 
-0.030270984248888938 1604682528172 -59.68894439165161 0 0.0 -0.0051591989622221945 -0.6415264168168167 
-0.030270984248888938 1604682528220 -53.03576118930524 0 0.0 -0.022437958262222092 -0.35997415208333117 
-0.030270984248888938 1604682528263 -92.05629970304918 0 0.0 -0.045825369839999935 -0.5438932925064616 
-0.030270984248888938 1604682528311 -86.9315091258793 0 0.0 -0.06066066822888873 -0.3090687164351832 
-0.030270984248888938 1604682528369 -53.3453314371268 0 0.0 -0.057693608551111164 0.05115620134099248 
-0.030270984248888938 1604682528408 -76.56106496364622 0 0.0 -0.06362772790666654 -0.152156906552702 
-0.030270984248888938 1604682528448 -8.54077433027814 0 0.0 -0.04599990276222225 0.4406956286111072 
-0.030270984248888938 1604682528486 -65.20771014994094 0 0.0 -0.05193402211777762 -0.1561610356725096 
-0.030270984248888938 1604682528551 8.883988471965612 0 0.0 -0.025579550862222217 0.40545340393162155 
-0.030270984248888938 1604682528610 24.259952080150722 0 0.0 -0.0051591989622221945 0.3461076593220343 
-0.030270984248888938 1604682528667 120.06357976058464 0 0.0 0.04510628263777773 0.8818505543859636 
-0.030270984248888938 1604682528688 89.15506777005285 0 0.0 0.05383292874888884 0.4155545767195767 
-0.030270984248888938 1604682528741 61.10403615014719 0 0.0 0.05662545550444458 0.052689184067089494 
-0.030270984248888938 1604682528810 96.35825466772945 0 0.0 0.07442781357111118 0.2580051893719797 
-0.030270984248888938 1604682528846 104.34566532203743 0 0.0 0.08332899260444461 0.24725497314815081 
-0.030270984248888938 1604682528903 68.11094657910309 0 0.0 0.07722034032666668 -0.10716933820663038 
-0.030270984248888938 1604682528965 77.63415225516152 0 0.0 0.077394873248889 0.0028150471326179112 
-0.030270984248888938 1604682529022 33.045139117895005 0 0.0 0.05959251518222239 -0.31232207134502804 
-0.030270984248888938 1604682529073 -10.68607483259266 0 0.0 0.033238043926666745 -0.5167543383442283 
-0.030270984248888938 1604682529118 -1.0479790165434721 0 0.0 0.021369805215555517 -0.263738638024694 
-0.030270984248888938 1604682529194 -47.0310248948244 0 0.0 -0.010918785395555498 -0.4248498764619871 
-0.030270984248888938 1604682529255 -108.25093208663012 0 0.0 -0.051584956273333246 -0.6666585389799631 
-0.030270984248888938 1604682529294 -109.29717588814839 0 0.0 -0.06973638018444446 -0.46542112592592855 
-0.030270984248888938 1604682529344 -107.90673027444456 0 0.0 -0.0838735468844445 -0.28274333400000073 
-0.030270984248888938 1604682529398 -106.33658039267495 0 0.0 -0.09260019299555561 -0.16160455761316872 
-0.030270984248888938 1604682529430 -71.54170509867983 0 0.0 -0.08684060656222206 0.17998707604167333 
-0.030270984248888938 1604682529497 -86.84060656222206 0 0.0 -0.08684060656222206 0.0 
-0.030270984248888938 1604682529538 -42.3219406939295 0 0.0 -0.07235437401777765 0.35332274498644894 
-0.030270984248888938 1604682529581 -62.4831166493023 0 0.0 -0.06903824849555547 0.07711919819121361 
-0.030270984248888938 1604682529616 30.295917523491937 0 0.0 -0.04006578340666664 0.827784716825395 
-0.030270984248888938 1604682529663 -8.204241435035144 0 0.0 -0.02872114346222209 0.24137531796690526 
-0.030270984248888938 1604682529736 23.031454269588806 0 0.0 -0.0048101331177778164 0.32754808691019555 
-0.030270984248888938 1604682529774 127.94971206204721 0 0.0 0.03620510360444455 1.0793483347953254 
-0.030270984248888938 1604682529836 78.413920310896 0 0.0 0.054007461671111145 0.2871348075268806 
-0.030270984248888938 1604682529860 134.06716753546343 0 0.0 0.07163528681555568 0.7344927143518557 
-0.030270984248888938 1604682529913 110.26304488473781 0 0.0 0.08647058520444448 0.2799112903563922 
-0.030270984248888938 1604682529950 125.02820969753768 0 0.0 0.09816429099333339 0.3160461024024032 
-0.030270984248888938 1604682529992 88.66471336952351 0 0.0 0.09502269839333327 -0.0747998238095266 
-0.030270984248888938 1604682530045 118.65379744742178 0 0.0 0.104098410348889 0.17123984821803268 
-0.030270984248888938 1604682530082 74.17308984678633 0 0.0 0.09502269839333327 -0.2452895123123171 
-0.030270984248888938 1604682530113 95.67578932810065 0 0.0 0.09519723131555559 0.005630094265236046 
-0.030270984248888938 1604682530157 60.401713276162035 0 0.0 0.08332899260444461 -0.269732697979795 
-0.030270984248888938 1604682530200 56.83245966801022 0 0.0 0.07442781357111118 -0.2070041635658937 
-0.030270984248888938 1604682530233 11.394984266733744 0 0.0 0.05679998842666664 -0.5341765195286223 
-0.030270984248888938 1604682530268 26.281660312381476 0 0.0 0.04789880939333347 -0.25431940095237643 
-0.030270984248888938 1604682530307 -27.01609106820546 0 0.0 0.024336864893333324 -0.6041524230769268 
-0.030270984248888938 1604682530354 -49.679947994609506 0 0.0 -0.002017606362222077 -0.5607334309692639 
-0.030270984248888938 1604682530389 -72.0302414479364 0 0.0 -0.022437958262222092 -0.5834386257142861 
-0.030270984248888938 1604682530429 -68.25285034555567 0 0.0 -0.03709872372888884 -0.36651913666666863 
-0.030270984248888938 1604682530479 -92.70491274888911 0 0.0 -0.057693608551111164 -0.4118976964444465 
-0.030270984248888938 1604682530516 -86.4679551877478 0 0.0 -0.06642025466222228 -0.2358553003003003 
-0.030270984248888938 1604682530557 -76.61127455978314 0 0.0 -0.06973638018444446 -0.08088111029810208 
-0.030270984248888938 1604682530594 -80.09514497363317 0 0.0 -0.07287797278444431 -0.08490790810810417 
-0.030270984248888938 1604682530631 -52.73593013879908 0 0.0 -0.06676932050666666 0.1650987102102069 
-0.030270984248888938 1604682530669 -38.52254493649122 0 0.0 -0.05804267439555555 0.22964858187134504 
-0.030270984248888938 1604682530727 -28.351013299578632 0 0.0 -0.04599990276222225 0.20763399367816027 
-0.030270984248888938 1604682530757 43.651841619259464 0 0.0 -0.022612491184444417 0.7795803859259279 
-0.030270984248888938 1604682530810 30.557481687253777 0 0.0 -0.0021921392844443874 0.3852896584905666 
-0.030270984248888938 1604682530839 79.45315805578535 0 0.0 0.01857727846000002 0.7161868187739451 
-0.030270984248888938 1604682530888 66.78398395705241 0 0.0 0.03620510360444455 0.3597515335600925 
-0.030270984248888938 1604682530931 79.8464519703362 0 0.0 0.05086586907111128 0.34094803410852853 
-0.030270984248888938 1604682530984 73.58807970004209 0 0.0 0.05959251518222239 0.16465370020964362 
-0.030270984248888938 1604682531018 69.97722405444387 0 0.0 0.06255957485999995 0.08726646111110482 
-0.030270984248888938 1604682531054 63.146199404136055 0 0.0 0.06273410778222227 0.004848136728397514 
-0.030270984248888938 1604682531079 49.6790451999999 0 0.0 0.059767048104444456 -0.11868238711111243 
-0.030270984248888938 1604682531119 41.22292511833316 0 0.0 0.05383292874888884 -0.14835298388889034 
-0.030270984248888938 1604682531144 15.435685859999953 0 0.0 0.04510628263777773 -0.34906584444444444 
-0.030270984248888938 1604682531173 -1.5481729852102717 0 0.0 0.033238043926666745 -0.4092496107279649 
-0.030270984248888938 1604682531211 14.030236538947257 0 0.0 0.02730392457111113 -0.15616103567251619 
-0.030270984248888938 1604682531253 -43.41515329502661 0 0.0 0.0039165129933332946 -0.5568431328042341 
-0.030270984248888938 1604682531283 -30.873716169629418 0 0.0 -0.0051591989622221945 -0.30252373185184966 
-0.030270984248888938 1604682531321 -33.405974532397636 0 0.0 -0.013885845073333306 -0.22964858187134504 
-0.030270984248888938 1604682531372 -45.069060510370406 0 0.0 -0.025579550862222217 -0.22928834880174337 
-0.030270984248888938 1604682531408 -44.93816081870362 0 0.0 -0.03133913729555553 -0.15998851203703643 
-0.030270984248888938 1604682531450 -40.31096060693126 0 0.0 -0.03430619697333333 -0.07064427804232858 
-0.030270984248888938 1604682531489 -34.30619697333333 0 0.0 -0.03430619697333333 0.0 
-0.030270984248888938 1604682531545 -12.333748729285707 0 0.0 -0.025579550862222217 0.15583296626984128 
-0.030270984248888938 1604682531562 44.58268387111125 0 0.0 -0.013885845073333306 0.68786504640523 
-0.030270984248888938 1604682531621 15.080703645311049 0 0.0 -0.002017606362222077 0.20115658832391914 
-0.030270984248888938 1604682531654 60.391135523299816 0 0.0 0.015435685860000149 0.5288876430976431 
-0.030270984248888938 1604682531744 55.82066480753093 0 0.0 0.03620510360444455 0.2307713082716045 
-0.030270984248888938 1604682531795 67.38831904148167 0 0.0 0.04789880939333347 0.2292883488017435 
-0.030270984248888938 1604682531845 55.90987052333355 0 0.0 0.05086586907111128 0.05934119355555614 
-0.030270984248888938 1604682531923 50.86586907111128 0 0.0 0.05086586907111128 0.0 
-0.030270984248888938 1604682531953 6.039996880370424 0 0.0 0.03917216328222236 -0.3897901929629639 
-0.030270984248888938 1604682532021 5.792741907222027 0 0.0 0.024336864893333324 -0.21816615277777998 
-0.030270984248888938 1604682532064 -54.113654192971126 0 0.0 -0.002017606362222077 -0.6128946803617535 
-0.030270984248888938 1604682532114 -34.061850882222394 0 0.0 -0.013885845073333306 -0.23736477422222457 
-0.030270984248888938 1604682532150 -82.52091673722228 0 0.0 -0.03430619697333333 -0.5672319972222228 
-0.030270984248888938 1604682532191 -70.2429513489432 0 0.0 -0.04599990276222225 -0.285212336314364 
-0.030270984248888938 1604682532230 -73.19123700381739 0 0.0 -0.054552015951111046 -0.2192849535612511 
-0.030270984248888938 1604682532275 -63.12352168691363 0 0.0 -0.05751907562888886 -0.06593465950617365 
-0.030270984248888938 1604682532307 -47.947035675763516 0 0.0 -0.05490108179555543 0.08181230729166966 
-0.030270984248888938 1604682532350 -37.236726504599886 0 0.0 -0.04896696244000005 0.13800277571059022 
-0.030270984248888938 1604682532405 -19.20116588646464 0 0.0 -0.03727325665111114 0.21261283252525293 
-0.030270984248888938 1604682532443 48.03200557081897 0 0.0 -0.010918785395555498 0.6935387172514643 
-0.030270984248888938 1604682532467 96.09171254194406 0 0.0 0.012643159104444406 0.981747687499996 
-0.030270984248888938 1604682532515 69.70815246601882 0 0.0 0.033238043926666745 0.4290601004629654 
-0.030270984248888938 1604682532563 123.1879487169445 0 0.0 0.06570116746000007 0.676315073611111 
-0.030270984248888938 1604682532607 99.4732879099999 0 0.0 0.07722034032666668 0.261799383333332 
-0.030270984248888938 1604682532632 154.78277096222257 0 0.0 0.0948481654711112 0.705113005777781 
-0.030270984248888938 1604682532675 113.5516004850647 0 0.0 0.1011313506711112 0.14612058604651162 
-0.030270984248888938 1604682532719 118.52910969080834 0 0.0 0.10706547002666682 0.13486634898990033 
-0.030270984248888938 1604682532753 136.9978661877776 0 0.0 0.11561758321555561 0.25153274084967037 
-0.030270984248888938 1604682532780 128.64937474148098 0 0.0 0.11875917581555548 0.11635528148147659 
-0.030270984248888938 1604682532824 127.45805532540408 0 0.0 0.12172623549333329 0.06743317449495033 
-0.030270984248888938 1604682532870 121.72623549333329 0 0.0 0.12172623549333329 0.0 
-0.030270984248888938 1604682532904 121.72623549333329 0 0.0 0.12172623549333329 0.0 
-0.030270984248888938 1604682532961 129.55265916350902 0 0.0 0.12486782809333341 0.05511565964912487 
-0.030270984248888938 1604682533017 109.48711432249969 0 0.0 0.11875917581555548 -0.10908307638889164 
-0.030270984248888938 1604682533087 106.00580585603176 0 0.0 0.11299958938222218 -0.08227980619047566 
-0.030270984248888938 1604682533119 68.96820559784732 0 0.0 0.10095681774888889 -0.3763366135416655 
-0.030270984248888938 1604682533157 52.93729927959095 0 0.0 0.08612151936000009 -0.390402589181284 
-0.030270984248888938 1604682533187 41.29564716925927 0 0.0 0.07442781357111118 -0.38979019296296374 
-0.030270984248888938 1604682533221 -7.4281269511112455 0 0.0 0.051040401993333345 -0.6878650464052305 
-0.030270984248888938 1604682533247 0.3721521112826096 0 0.0 0.03917216328222236 -0.45647071965811464 
-0.030270984248888938 1604682533319 -5.736127232901357 0 0.0 0.01857727846000002 -0.2860400669753103 
-0.030270984248888938 1604682533358 -75.20507841407394 0 0.0 -0.010918785395555498 -0.7563093296296287 
-0.030270984248888938 1604682533408 -41.54931324555574 0 0.0 -0.02226342534000003 -0.22689279888889066 
-0.030270984248888938 1604682533446 -96.26997733385903 0 0.0 -0.04512723815111094 -0.6016792845029187 
-0.030270984248888938 1604682533504 -68.36419031318016 0 0.0 -0.054552015951111046 -0.16249616896551902 
-0.030270984248888938 1604682533564 -77.75035019648129 0 0.0 -0.06415132667333322 -0.15998851203703618 
-0.030270984248888938 1604682533612 -71.40535125319462 0 0.0 -0.06676932050666666 -0.05454153819444673 
-0.030270984248888938 1604682533658 -40.4262318329951 0 0.0 -0.05751907562888886 0.2010922799516913 
-0.030270984248888938 1604682533683 -8.370604731111023 0 0.0 -0.046348968606666624 0.44680428088888946 
-0.030270984248888938 1604682533711 14.930787049286113 0 0.0 -0.031164604373333203 0.5422987226190508 
-0.030270984248888938 1604682533753 30.58265018142875 0 0.0 -0.010744252473333188 0.4861988547619051 
-0.030270984248888938 1604682533780 98.57799866082254 0 0.0 0.015610218782222213 0.9760915279835334 
-0.030270984248888938 1604682533853 60.18544894538837 0 0.0 0.03620510360444455 0.28212170989345675 
-0.030270984248888938 1604682533913 99.89507580537011 0 0.0 0.06255957485999995 0.43924118759259 
-0.030270984248888938 1604682533963 110.62594164000043 0 0.0 0.0803619329266668 0.35604716133333686 
-0.030270984248888938 1604682533978 139.70312648222128 0 0.0 0.08926311195999997 0.5934119355555448 
-0.030270984248888938 1604682534030 112.25446806042734 0 0.0 0.09798975807111109 0.16782011752136766 
-0.030270984248888938 1604682534111 104.78576840060344 0 0.0 0.10130588359333326 0.040939821262002116 
-0.030270984248888938 1604682534156 91.72596541802476 0 0.0 0.09798975807111109 -0.0736916782716038 
-0.030270984248888938 1604682534192 79.21777265876578 0 0.0 0.09240470456000008 -0.15514037530863892 
-0.030270984248888938 1604682534224 81.55639261312496 0 0.0 0.08943764488222228 -0.0927206149305567 
-0.030270984248888938 1604682534272 81.21641702504628 0 0.0 0.08647058520444448 -0.0618137432870375 
-0.030270984248888938 1604682534344 34.71187749209883 0 0.0 0.06273410778222227 -0.329673297530864 
-0.030270984248888938 1604682534387 0.9088642638761186 0 0.0 0.041964690037777856 -0.4830097149870793 
-0.030270984248888938 1604682534424 -54.71711466132163 0 0.0 0.012643159104444406 -0.7924738090090122 
-0.030270984248888938 1604682534477 -70.97457601002053 0 0.0 -0.0194708985844443 -0.605925616771485 
-0.030270984248888938 1604682534525 -85.24072144185166 0 0.0 -0.043207376006666506 -0.49450994629629597 
-0.030270984248888938 1604682534561 -101.86983042024676 0 0.0 -0.06066066822888873 -0.4848136728395062 
-0.030270984248888938 1604682534596 -81.60461889555592 0 0.0 -0.06676932050666666 -0.1745329222222266 
-0.030270984248888938 1604682534652 -103.68303355666677 0 0.0 -0.08143008597333337 -0.26179938333333413 
-0.030270984248888938 1604682534690 -89.33918313298254 0 0.0 -0.0838735468844445 -0.06430160292397699 
-0.030270984248888938 1604682534725 -105.41589614158731 0 0.0 -0.09015673208444448 -0.1795195771428567 
-0.030270984248888938 1604682534766 -54.219977708834655 0 0.0 -0.07846302629555557 0.28521233631436366 
-0.030270984248888938 1604682534803 -67.52877457363377 0 0.0 -0.07514690077333339 0.08962501411411312 
-0.030270984248888938 1604682534841 -28.82218883824528 0 0.0 -0.060835201151111046 0.37662367426900895 
-0.030270984248888938 1604682534871 6.069085700740807 0 0.0 -0.043381908928888824 0.5817764074074074 
-0.030270984248888938 1604682534900 -18.682491246130258 0 0.0 -0.03709872372888884 0.21666155862068914 
-0.030270984248888938 1604682534954 30.29037679580254 0 0.0 -0.010918785395555498 0.4848136728395063 
-0.030270984248888938 1604682534989 109.95772988063474 0 0.0 0.024336864893333324 1.007304293968252 
-0.030270984248888938 1604682535034 101.4804165155556 0 0.0 0.051040401993333345 0.5934119355555559 
-0.030270984248888938 1604682535081 142.21342978907802 0 0.0 0.08350352552666668 0.6907047560283688 
-0.030270984248888938 1604682535130 179.91693652077078 0 0.0 0.11875917581555548 0.7195030671201798 
-0.030270984248888938 1604682535166 198.54011381802547 0 0.0 0.14249565323777796 0.6593465950617353 
-0.030270984248888938 1604682535216 174.06865886777737 0 0.0 0.15418935902666664 0.2338741157777735 
-0.030270984248888938 1604682535243 254.823749143539 0 0.0 0.1784494352155555 0.8985213403292178 
-0.030270984248888938 1604682535299 208.77141379234178 0 0.0 0.19049220684888907 0.215049493452385 
-0.030270984248888938 1604682535356 242.66836465005815 0 0.0 0.21143615751555553 0.36743773099414845 
-0.030270984248888938 1604682535405 268.7114511754196 0 0.0 0.23238010818222224 0.42742756462585124 
-0.030270984248888938 1604682535451 305.9419407049277 0 0.0 0.25821098067111115 0.5615407062801943 
-0.030270984248888938 1604682535488 319.2125955407811 0 0.0 0.2767114704266668 0.5000132366366385 
---------------------------------------
Time Duty_cycle X X_dot Theta Theta_dot
---------------------------------------
Time Duty_cycle X X_dot Theta Theta_dot
-0.030270984248888938 1604682547711 -950.4644123022223 0 0.0 -0.0021921392844443874 -11.156144388444446 
-0.030270984248888938 1604682547765 -9.829570677242817 0 0.0 -0.0051591989622221945 -0.05494554958847791 
-0.030270984248888938 1604682547820 10.39009774484827 0 0.0 0.0009494533155554874 0.1110664050505033 
-0.030270984248888938 1604682547866 8.90208385855119 0 0.0 0.0037419800711112304 0.06070710338164659 
-0.030270984248888938 1604682547922 18.68324487706314 0 0.0 0.009676099426666598 0.10596641706348871 
-0.030270984248888938 1604682547986 16.583785238993055 0 0.0 0.012643159104444406 0.046360307465278236 
-0.030270984248888938 1604682548050 12.643159104444406 0 0.0 0.012643159104444406 0.0 
-0.030270984248888938 1604682548122 -0.2965178236416053 0 0.0 0.0067090397488890376 -0.08241832438271345 
-0.030270984248888938 1604682548183 -21.696908641639485 0 0.0 -0.0051591989622221945 -0.19456129034608577 
-0.030270984248888938 1604682548232 -29.023904653832172 0 0.0 -0.013885845073333306 -0.1780948185941043 
-0.030270984248888938 1604682548275 -40.3823780097677 0 0.0 -0.022787024106666734 -0.2070041635658937 
-0.030270984248888938 1604682548318 -31.619201752144072 0 0.0 -0.025754083784444277 -0.06900138785529171 
-0.030270984248888938 1604682548376 -18.008433063754964 0 0.0 -0.022612491184444417 0.05416538965517001 
-0.030270984248888938 1604682548416 -4.6137835802778415 0 0.0 -0.016852904751111113 0.1439896608333326 
-0.030270984248888938 1604682548461 17.433118192099105 0 0.0 -0.004984666039999884 0.263738638024694 
-0.030270984248888938 1604682548484 35.99262874260883 0 0.0 0.0037419800711112304 0.3794193961352659 
-0.030270984248888938 1604682548525 21.978541993061874 0 0.0 0.009676099426666598 0.1447346184281797 
-0.030270984248888938 1604682548575 41.24910505666667 0 0.0 0.021369805215555517 0.2338741157777783 
-0.030270984248888938 1604682548625 37.391927475555676 0 0.0 0.02730392457111113 0.11868238711111231 
-0.030270984248888938 1604682548699 27.303924571111132 0 0.0 0.02730392457111113 0.0 
-0.030270984248888938 1604682548751 11.669802422820373 0 0.0 0.021369805215555517 -0.11411767991453109 
-0.030270984248888938 1604682548814 -6.101122669453368 0 0.0 0.009676099426666598 -0.18561437760141136 
-0.030270984248888938 1604682548876 -25.497914495376186 0 0.0 -0.0051591989622221945 -0.2392790062723999 
-0.030270984248888938 1604682548922 -55.36017926487947 0 0.0 -0.022787024106666734 -0.3832135900966204 
-0.030270984248888938 1604682548965 -48.764017181602135 0 0.0 -0.031513670217777845 -0.20294525839793284 
-0.030270984248888938 1604682549024 -60.05424027879424 0 0.0 -0.043207376006666506 -0.19819840320150275 
-0.030270984248888938 1604682549118 -37.557336833026255 0 0.0 -0.04024031632888894 0.03156446465720813 
-0.030270984248888938 1604682549166 8.603449175509432 0 0.0 -0.022612491184444417 0.36724635717592763 
-0.030270984248888938 1604682549220 45.22587001041178 0 0.0 0.0037419800711112304 0.48804576399177124 
-0.030270984248888938 1604682549277 55.04853524226101 0 0.0 0.024336864893333324 0.3613137688109139 
-0.030270984248888938 1604682549325 106.54914346509271 0 0.0 0.054007461671111145 0.6181374328703714 
-0.030270984248888938 1604682549374 77.87216736272114 0 0.0 0.06273410778222227 0.17809481859410436 
-0.030270984248888938 1604682549411 91.50845441885889 0 0.0 0.07146075389333337 0.2358553003003003 
-0.030270984248888938 1604682549467 71.46075389333336 0 0.0 0.07146075389333337 0.0 
-0.030270984248888938 1604682549514 71.46075389333336 0 0.0 0.07146075389333337 0.0 
-0.030270984248888938 1604682549532 21.52494559086424 0 0.0 0.06273410778222227 -0.4848136728395062 
-0.030270984248888938 1604682549575 45.069752491266 0 0.0 0.05679998842666664 -0.13800277571059577 
-0.030270984248888938 1604682549615 10.985096343333904 0 0.0 0.04213922296000017 -0.3665191366666619 
-0.030270984248888938 1604682549684 2.4064237967147477 0 0.0 0.024336864893333324 -0.25800518937198325 
-0.030270984248888938 1604682549723 -50.57803556820482 0 0.0 0.0007749203933334232 -0.6041524230769205 
-0.030270984248888938 1604682549765 -26.140549540793835 0 0.0 -0.008126258640000002 -0.2119328341269863 
-0.030270984248888938 1604682549827 -63.163245129784876 0 0.0 -0.03133913729555553 -0.37440126863799233 
-0.030270984248888938 1604682549876 -71.43184285746045 0 0.0 -0.04599990276222225 -0.2991992952380964 
-0.030270984248888938 1604682549927 -70.2018013103702 0 0.0 -0.055075614717777735 -0.17795513638344085 
-0.030270984248888938 1604682549958 -66.1781606088173 0 0.0 -0.05804267439555555 -0.09571160250896174 
-0.030270984248888938 1604682550016 -44.272628669884725 0 0.0 -0.052457620884444306 0.09629402605364212 
-0.030270984248888938 1604682550071 -21.803293090505004 0 0.0 -0.04041484925111101 0.21895948424242356 
-0.030270984248888938 1604682550103 13.826710483263643 0 0.0 -0.025579550862222217 0.4636030746527748 
-0.030270984248888938 1604682550138 44.433084223492145 0 0.0 -0.0051591989622221945 0.5834386257142863 
-0.030270984248888938 1604682550188 34.42486779777797 0 0.0 0.009501566504444534 0.29321530933333456 
-0.030270984248888938 1604682550240 48.58687187517077 0 0.0 0.024336864893333324 0.28529419978632287 
-0.030270984248888938 1604682550287 49.33592090184422 0 0.0 0.033238043926666745 0.18938678794326433 
-0.030270984248888938 1604682550334 66.57011860468057 0 0.0 0.04510628263777773 0.25251571725768046 
-0.030270984248888938 1604682550382 44.62268099912075 0 0.0 0.04493174971555566 -0.003636102546293003 
-0.030270984248888938 1604682550447 38.48745720273529 0 0.0 0.04213922296000017 -0.04296195008546915 
-0.030270984248888938 1604682550527 5.421859447499802 0 0.0 0.024336864893333324 -0.22252947583333557 
-0.030270984248888938 1604682550564 -33.787315312672156 0 0.0 0.0067090397488890376 -0.47642770660660233 
-0.030270984248888938 1604682550604 -39.65126771638921 0 0.0 -0.008126258640000002 -0.370882459722226 
-0.030270984248888938 1604682550630 -107.22739443871784 0 0.0 -0.03133913729555553 -0.8928030252136742 
-0.030270984248888938 1604682550656 -57.41838355837564 0 0.0 -0.03744778957333321 -0.23494816452991085 
-0.030270984248888938 1604682550690 -88.76046870666674 0 0.0 -0.052108555039999935 -0.43119898431372716 
-0.030270984248888938 1604682550713 -65.22128937043445 0 0.0 -0.05490108179555543 -0.12141420676328246 
-0.030270984248888938 1604682550770 -76.64114754604276 0 0.0 -0.06362772790666654 -0.15309905458089668 
-0.030270984248888938 1604682550825 -63.62772790666654 0 0.0 -0.06362772790666654 0.0 
-0.030270984248888938 1604682550871 -55.17805795473407 0 0.0 -0.06066066822888873 0.06450129734299596 
-0.030270984248888938 1604682550898 -1.293617944115553 0 0.0 -0.046348968606666624 0.5300629489711891 
-0.030270984248888938 1604682550938 -17.98736874555574 0 0.0 -0.03727325665111114 0.22689279888888705 
-0.030270984248888938 1604682550985 20.077518897825115 0 0.0 -0.016852904751111113 0.43447557234042616 
-0.030270984248888938 1604682551038 21.320409105492814 0 0.0 -0.0021921392844443874 0.27661821635220235 
-0.030270984248888938 1604682551102 45.75532694229143 0 0.0 0.01840274553777771 0.32179507534722024 
-0.030270984248888938 1604682551159 55.36085731360654 0 0.0 0.033238043926666745 0.26026839278752695 
-0.030270984248888938 1604682551199 61.05422840583369 0 0.0 0.04213922296000017 0.22252947583333557 
-0.030270984248888938 1604682551228 53.802836865746436 0 0.0 0.04510628263777773 0.10231240268198478 
-0.030270984248888938 1604682551292 45.10628263777773 0 0.0 0.04510628263777773 0.0 
-0.030270984248888938 1604682551341 12.650282897188514 0 0.0 0.033238043926666745 -0.24220895328797923 
-0.030270984248888938 1604682551370 -13.416411696322228 0 0.0 0.021369805215555517 -0.40924961072797345 
-0.030270984248888938 1604682551418 -3.2938783559718203 0 0.0 0.012468626182222341 -0.18544122986110778 
-0.030270984248888938 1604682551468 -26.64420168777758 0 0.0 -0.002017606362222077 -0.2897246508888883 
-0.030270984248888938 1604682551527 -45.46742944018861 0 0.0 -0.01981996442888892 -0.3017348824858787 
-0.030270984248888938 1604682551578 -43.09102072518522 0 0.0 -0.02854661054000003 -0.17111070806100218 
-0.030270984248888938 1604682551604 -66.54779795153783 0 0.0 -0.03744778957333321 -0.34235303974358383 
-0.030270984248888938 1604682551652 -28.742960077500204 0 0.0 -0.03430619697333333 0.06544984583333087 
-0.030270984248888938 1604682551687 -24.731819525714528 0 0.0 -0.031513670217777845 0.07978647873015664 
-0.030270984248888938 1604682551725 -12.30586283005831 0 0.0 -0.025579550862222217 0.15616103567251655 
-0.030270984248888938 1604682551760 4.34037866158728 0 0.0 -0.016852904751111113 0.2493327460317458 
-0.030270984248888938 1604682551811 22.24246982666682 0 0.0 -0.0021921392844443874 0.2874659895424848 
-0.030270984248888938 1604682551875 18.53091815253499 0 0.0 0.0067090397488890376 0.13908092239583475 
-0.030270984248888938 1604682551912 36.05887331825789 0 0.0 0.015610218782222213 0.24057240630630206 
-0.030270984248888938 1604682551945 36.205103604444325 0 0.0 0.021369805215555517 0.17453292222222128 
-0.030270984248888938 1604682552008 28.340040649065287 0 0.0 0.024336864893333324 0.04709618536155251 
-0.030270984248888938 1604682552057 16.22286495818585 0 0.0 0.021369805215555517 -0.06055223832199608 
-0.030270984248888938 1604682552100 -4.6071878593798825 0 0.0 0.012643159104444406 -0.2029452583979328 
-0.030270984248888938 1604682552135 -7.702392971745426 0 0.0 0.0067090397488890376 -0.16954626730158193 
-0.030270984248888938 1604682552167 -25.835896091736295 0 0.0 -0.0021921392844443874 -0.2781618447916695 
-0.030270984248888938 1604682552200 -23.41111152552204 0 0.0 -0.008126258640000002 -0.17982179865320042 
-0.030270984248888938 1604682552234 -28.284811156666564 0 0.0 -0.013885845073333306 -0.16939960098039128 
-0.030270984248888938 1604682552261 -25.469659763044994 0 0.0 -0.016678371828888802 -0.1034269168724258 
-0.030270984248888938 1604682552311 -17.14961071888904 0 0.0 -0.016852904751111113 -0.0034906584444462097 
-0.030270984248888938 1604682552376 -23.699965545982977 0 0.0 -0.01981996442888892 -0.045647071965812414 
-0.030270984248888938 1604682552420 -2.4222054091917773 0 0.0 -0.013885845073333306 0.13486634898990033 
-0.030270984248888938 1604682552464 11.69909466151518 0 0.0 -0.0051591989622221945 0.19833286616161616 
-0.030270984248888938 1604682552510 3.290470989710257 0 0.0 -0.0021921392844443874 0.06450129734299581 
-0.030270984248888938 1604682552543 29.6363190771721 0 0.0 0.0067090397488890376 0.26973269797980076 
-0.030270984248888938 1604682552576 27.928011989965807 0 0.0 0.012643159104444406 0.17982179865319295 
-0.030270984248888938 1604682552628 20.460220178589783 0 0.0 0.015610218782222213 0.057058839957265524 
-0.030270984248888938 1604682552676 15.126617143565243 0 0.0 0.015435685860000149 -0.003636102546293003 
-0.030270984248888938 1604682552713 6.227894936275807 0 0.0 0.012643159104444406 -0.07547369609610116 
-0.030270984248888938 1604682552753 -5.90096388166612 0 0.0 0.0067090397488890376 -0.1483529838888842 
-0.030270984248888938 1604682552796 -10.435775680568971 0 0.0 0.0009494533155554874 -0.1339438705426407 
-0.030270984248888938 1604682552827 -33.01127529232957 0 0.0 -0.008126258640000002 -0.29276490179211256 
-0.030270984248888938 1604682552869 -25.54215095031737 0 0.0 -0.013885845073333306 -0.1371330103174596 
-0.030270984248888938 1604682552900 -35.437845920645046 0 0.0 -0.019645431506666616 -0.18579311075268745 
-0.030270984248888938 1604682552938 -10.04152781280685 0 0.0 -0.016678371828888802 0.07808051783625827 
-0.030270984248888938 1604682553003 -17.081140110940286 0 0.0 -0.016852904751111113 -0.002685121880343238 
-0.030270984248888938 1604682553076 -10.431049558112571 0 0.0 -0.013885845073333306 0.040644653120243936 
-0.030270984248888938 1604682553129 16.561917169434068 0 0.0 -0.0021921392844443874 0.220635958280923 
-0.030270984248888938 1604682553187 12.43853429908067 0 0.0 0.0037419800711112304 0.1023124026819934 
-0.030270984248888938 1604682553218 37.04961774422892 0 0.0 0.012643159104444406 0.28713480752687665 
-0.030270984248888938 1604682553282 26.45853072909732 0 0.0 0.01857727846000002 0.09272061493055647 
-0.030270984248888938 1604682553323 8.922628030732124 0 0.0 0.015435685860000149 -0.07662420975609442 
-0.030270984248888938 1604682553346 15.435685860000149 0 0.0 0.015435685860000149 0.0 
-0.030270984248888938 1604682553396 -8.12625863999985 0 0.0 0.0067090397488890376 -0.17453292222222222 
-0.030270984248888938 1604682553433 -3.074238107567516 0 0.0 0.0037419800711112304 -0.0801908021021029 
-0.030270984248888938 1604682553475 -32.14531317439178 0 0.0 -0.008126258640000002 -0.282577112169315 
-0.030270984248888938 1604682553501 -20.0481997887177 0 0.0 -0.010918785395555498 -0.10740487521367295 
-0.030270984248888938 1604682553549 -27.36124110990751 0 0.0 -0.016852904751111113 -0.1236274865740753 
-0.030270984248888938 1604682553600 -25.230485017777426 0 0.0 -0.01999449735111098 -0.0615998549019582 
-0.030270984248888938 1604682553639 -28.87330036877543 0 0.0 -0.022787024106666734 -0.07160325014245522 
-0.030270984248888938 1604682553682 -13.954846461188588 0 0.0 -0.01981996442888892 0.06900138785529801 
-0.030270984248888938 1604682553707 -6.764901846666568 0 0.0 -0.016852904751111113 0.11868238711111229 
-0.030270984248888938 1604682553752 0.2901067204939949 0 0.0 -0.010918785395555498 0.131869319012347 
-0.030270984248888938 1604682553786 -1.1449417511112605 0 0.0 -0.008126258640000002 0.08213313986927931 
-0.030270984248888938 1604682553814 15.82215161634944 0 0.0 -0.0021921392844443874 0.2119328341269862 
-0.030270984248888938 1604682553853 7.241588921823524 0 0.0 0.0007749203933334232 0.07607845327635412 
-0.030270984248888938 1604682553897 18.172679413030565 0 0.0 0.0067090397488890376 0.13486634898990033 
-0.030270984248888938 1604682553960 20.649510615908 0 0.0 0.012643159104444406 0.09419237072310108 
-0.030270984248888938 1604682554009 12.643159104444406 0 0.0 0.012643159104444406 0.0 
-0.030270984248888938 1604682554084 5.941094891111347 0 0.0 0.009501566504444534 -0.04188790133333162 
-0.030270984248888938 1604682554131 -31.673349274279044 0 0.0 -0.0051591989622221945 -0.3119311801418453 
-0.030270984248888938 1604682554175 -22.045259187222108 0 0.0 -0.010918785395555498 -0.130899691666666 
-0.030270984248888938 1604682554214 -39.2199700143592 0 0.0 -0.01981996442888892 -0.2282353598290621 
-0.030270984248888938 1604682554244 -41.89837908999989 0 0.0 -0.025579550862222217 -0.19198621444444325 
-0.030270984248888938 1604682554285 -16.997639369539513 0 0.0 -0.022787024106666734 0.06811040867208494 
-0.030270984248888938 1604682554303 -22.787024106666735 0 0.0 -0.022787024106666734 0.0 
-0.030270984248888938 1604682554358 -22.342758486464472 0 0.0 -0.022612491184444417 0.0031733258585875893 
-0.030270984248888938 1604682554408 -7.0616078144444945 0 0.0 -0.016852904751111113 0.11519172866666608 
-0.030270984248888938 1604682554459 6.418151545185184 0 0.0 -0.008126258640000002 0.17111070806100218 
-0.030270984248888938 1604682554508 24.3297411005899 0 0.0 0.0037419800711112304 0.2422089532879843 
-0.030270984248888938 1604682554556 44.84811935699059 0 0.0 0.01857727846000002 0.30906871643518313 
-0.030270984248888938 1604682554616 39.66667322851854 0 0.0 0.02730392457111113 0.14544410185185186 
-0.030270984248888938 1604682554661 44.446936042716246 0 0.0 0.033238043926666745 0.131869319012347 
-0.030270984248888938 1604682554731 20.0982082107936 0 0.0 0.02730392457111113 -0.08477313365079449 
-0.030270984248888938 1604682554778 2.304868562600241 0 0.0 0.01840274553777771 -0.18938678794326433 
-0.030270984248888938 1604682554817 -9.343513892421717 0 0.0 0.009676099426666598 -0.22376015669515664 
-0.030270984248888938 1604682554843 -28.32508798487119 0 0.0 0.0007749203933334232 -0.34235303974358366 
-0.030270984248888938 1604682554900 -43.14001242265121 0 0.0 -0.016852904751111113 -0.3092600902534129 
-0.030270984248888938 1604682554932 -38.549528644861354 0 0.0 -0.022787024106666734 -0.18544122986111317 
-0.030270984248888938 1604682554980 -46.48350440087943 0 0.0 -0.03133913729555553 -0.17816902476851654 
-0.030270984248888938 1604682555015 -41.51191333365084 0 0.0 -0.03430619697333333 -0.08477313365079428 
-0.030270984248888938 1604682555071 -34.7456459382139 0 0.0 -0.034480729895555395 -0.0031166593253940645 
-0.030270984248888938 1604682555123 -26.2038416994019 0 0.0 -0.03133913729555553 0.06041524230768977 
-0.030270984248888938 1604682555178 -2.0176063622223452 0 0.0 -0.01981996442888892 0.20943950666666558 
-0.030270984248888938 1604682555215 38.30421577711738 0 0.0 -0.0021921392844443874 0.476427706606609 
-0.030270984248888938 1604682555268 20.984515557065286 0 0.0 0.0067090397488890376 0.16794677421383822 
-0.030270984248888938 1604682555306 54.163622706783165 0 0.0 0.021369805215555517 0.3858096175438547 
-0.030270984248888938 1604682555356 53.414049735555835 0 0.0 0.033238043926666745 0.2373647742222246 
-0.030270984248888938 1604682555405 49.46604379696169 0 0.0 0.03917216328222236 0.12110447664399215 
-0.030270984248888938 1604682555436 61.37725506430051 0 0.0 0.04510628263777773 0.19142320501791504 
-0.030270984248888938 1604682555476 26.5621596516672 0 0.0 0.03917216328222236 -0.14835298388888415 
-0.030270984248888938 1604682555527 31.260004141481538 0 0.0 0.03620510360444455 -0.05817764074074134 
-0.030270984248888938 1604682555582 5.995041430706877 0 0.0 0.024336864893333324 -0.21578615838384055 
-0.030270984248888938 1604682555623 -20.718170443252227 0 0.0 0.009676099426666598 -0.3575796455284567 
-0.030270984248888938 1604682555671 -39.65126771638877 0 0.0 -0.008126258640000002 -0.37088245972222084 
-0.030270984248888938 1604682555695 -87.39329414925923 0 0.0 -0.025579550862222217 -0.727220509259259 
-0.030270984248888938 1604682555719 -39.05494689879646 0 0.0 -0.02854661054000003 -0.12362748657407559 
-0.030270984248888938 1604682555757 -56.79338611017547 0 0.0 -0.03727325665111114 -0.22964858187134504 
-0.030270984248888938 1604682555802 -54.92047434246889 0 0.0 -0.043381908928888824 -0.1357478283950596 
-0.030270984248888938 1604682555844 -43.381908928888826 0 0.0 -0.043381908928888824 0.0 
-0.030270984248888938 1604682555877 -32.77242280834997 0 0.0 -0.04041484925111101 0.08991089932660043 
-0.030270984248888938 1604682555930 -24.963746023437903 0 0.0 -0.034480729895555395 0.11196451614255877 
-0.030270984248888938 1604682555962 8.274381895068771 0 0.0 -0.022787024106666734 0.36542830590277064 
-0.030270984248888938 1604682556014 15.838454142051388 0 0.0 -0.008126258640000002 0.2819377974358987 
-0.030270984248888938 1604682556071 21.440230780663065 0 0.0 0.0037419800711112304 0.2082147142300216 
-0.030270984248888938 1604682556109 51.19656302900536 0 0.0 0.01840274553777771 0.3858096175438547 
-0.030270984248888938 1604682556169 32.743533980370444 0 0.0 0.024336864893333324 0.09890198925926026 
-0.030270984248888938 1604682556212 50.833397829767705 0 0.0 0.033238043926666745 0.20700416356589357 
-0.030270984248888938 1604682556298 9.63956928015488 0 0.0 0.021369805215555517 -0.13800277571059572 
-0.030270984248888938 1604682556326 -2.578605040792926 0 0.0 0.015435685860000149 -0.21193283412697736 
-0.030270984248888938 1604682556365 -2.8768453639321656 0 0.0 0.009676099426666598 -0.14768170341880898 
-0.030270984248888938 1604682556407 -35.18301713021142 0 0.0 -0.0051591989622221945 -0.3532213902116379 
-0.030270984248888938 1604682556443 -45.04966796345632 0 0.0 -0.017027437673333173 -0.32967329753086055 
-0.030270984248888938 1604682556473 -72.55799576037109 0 0.0 -0.031513670217777845 -0.48287441814815574 
-0.030270984248888938 1604682556523 -31.513670217777843 0 0.0 -0.031513670217777845 0.0 
-0.030270984248888938 1604682556578 -53.72695122787882 0 0.0 -0.04024031632888894 -0.15866629292929268 
-0.030270984248888938 1604682556639 -33.55656376641129 0 0.0 -0.03744778957333321 0.04577912714025791 
-0.030270984248888938 1604682556684 4.905532885925496 0 0.0 -0.022787024106666734 0.3257947881481439 
-0.030270984248888938 1604682556733 1.5549756987757029 0 0.0 -0.013885845073333306 0.18165671496598834 
-0.030270984248888938 1604682556777 37.795733191060904 0 0.0 0.0037419800711112304 0.40063238964646675 
-0.030270984248888938 1604682556834 18.525224781442148 0 0.0 0.009676099426666598 0.10410735711500645 
-0.030270984248888938 1604682556870 48.97994388376546 0 0.0 0.021369805215555517 0.3248251608024699 
-0.030270984248888938 1604682556928 36.00047879908057 0 0.0 0.02730392457111113 0.10231240268199338 
-0.030270984248888938 1604682556988 20.133530349814762 0 0.0 0.024336864893333324 -0.04945099462963013 
-0.030270984248888938 1604682557052 3.6138074563545253 0 0.0 0.015435685860000149 -0.13908092239583086 
-0.030270984248888938 1604682557096 -44.94477191424263 0 0.0 -0.0051591989622221945 -0.4680655641414169 
-0.030270984248888938 1604682557151 -42.47751105919204 0 0.0 -0.01981996442888892 -0.26655937212121317 
-0.030270984248888938 1604682557214 -47.29089231389782 0 0.0 -0.031513670217777845 -0.1856143776014115 
-0.030270984248888938 1604682557257 -92.299834013126 0 0.0 -0.05193402211777762 -0.47489190465115755 
-0.030270984248888938 1604682557305 -61.12245325226895 0 0.0 -0.05525014764000005 -0.06908594837963407 
-0.030270984248888938 1604682557335 -54.581104771481165 0 0.0 -0.055075614717777735 0.005817764074077247 
-0.030270984248888938 1604682557404 -55.46515196447682 0 0.0 -0.05525014764000005 -0.002529462640903151 
-0.030270984248888938 1604682557439 -4.386267449523338 0 0.0 -0.04041484925111101 0.4238656682539726 
-0.030270984248888938 1604682557477 -30.246010045848276 0 0.0 -0.03727325665111114 0.08267348947368074 
-0.030270984248888938 1604682557531 7.652810365349762 0 0.0 -0.01981996442888892 0.32320911522633744 
-0.030270984248888938 1604682557575 40.56049334535386 0 0.0 0.0007749203933334232 0.4680655641414169 
-0.030270984248888938 1604682557641 75.04661211353542 0 0.0 0.033238043926666745 0.4918655080808079 
-0.030270984248888938 1604682557699 77.1300646772413 0 0.0 0.051040401993333345 0.3069372080459758 
-0.030270984248888938 1604682557736 60.82367984978989 0 0.0 0.054007461671111145 0.0801908021021029 
-0.030270984248888938 1604682557789 69.00412068620541 0 0.0 0.059767048104444456 0.10867144213836423 
-0.030270984248888938 1604682557825 50.38105539827181 0 0.0 0.05697452134888896 -0.07757018765431936 
-0.030270984248888938 1604682557885 35.041550789629866 0 0.0 0.04789880939333347 -0.15126186592592478 
-0.030270984248888938 1604682557930 5.545486934074045 0 0.0 0.033238043926666745 -0.32579478814814944 
-0.030270984248888938 1604682557963 -41.02835891710414 0 0.0 0.012468626182222341 -0.629376295286194 
-0.030270984248888938 1604682558007 -30.514072572323297 0 0.0 -0.0021921392844443874 -0.33319921515151657 
-0.030270984248888938 1604682558064 -67.84713785091634 0 0.0 -0.02854661054000003 -0.4623591448343095 
-0.030270984248888938 1604682558124 -85.48797641499979 0 0.0 -0.052108555039999935 -0.3926990749999984 
-0.030270984248888938 1604682558168 -77.69349477484842 0 0.0 -0.060835201151111046 -0.19833286616161616 
-0.030270984248888938 1604682558212 -78.23296017080818 0 0.0 -0.06676932050666666 -0.13486634898990033 
-0.030270984248888938 1604682558272 -67.61289629740722 0 0.0 -0.06711838635111103 -0.005817764074072853 
-0.030270984248888938 1604682558303 -44.91329456903196 0 0.0 -0.06118426699555542 0.19142320501792304 
-0.030270984248888938 1604682558343 -42.09472862750016 0 0.0 -0.055075614717777735 0.15271630694444205 
-0.030270984248888938 1604682558396 -32.353404088846915 0 0.0 -0.046348968606666624 0.16465370020964362 
-0.030270984248888938 1604682558428 -2.3175848222917637 0 0.0 -0.03430619697333333 0.3763366135416655 
-0.030270984248888938 1604682558483 2.5678495034342532 0 0.0 -0.01981996442888892 0.2633860462626256 
-0.030270984248888938 1604682558529 55.7300257295657 0 0.0 0.0067090397488890376 0.5767174821256078 
-0.030270984248888938 1604682558561 60.312463486388346 0 0.0 0.021369805215555517 0.4581489208333274 
-0.030270984248888938 1604682558615 74.83182496514453 0 0.0 0.04213922296000017 0.38461884711934546 
-0.030270984248888938 1604682558664 82.23192852190441 0 0.0 0.05679998842666664 0.29919929523809136 
-0.030270984248888938 1604682558713 73.02798829696161 0 0.0 0.06273410778222227 0.1211044766439922 
-0.030270984248888938 1604682558748 62.73410778222227 0 0.0 0.06273410778222227 0.0 
-0.030270984248888938 1604682558790 62.73410778222227 0 0.0 0.06273410778222227 0.0 
-0.030270984248888938 1604682558826 23.430263325123388 0 0.0 0.051040401993333345 -0.3248251608024701 
-0.030270984248888938 1604682558872 17.24172218560424 0 0.0 0.03917216328222236 -0.25800518937197786 
-0.030270984248888938 1604682558911 -17.43020595538505 0 0.0 0.021369805215555517 -0.45647071965812425 
-0.030270984248888938 1604682558961 -34.23638380444413 0 0.0 0.0007749203933334232 -0.4118976964444418 
-0.030270984248888938 1604682559009 -47.58524347240733 0 0.0 -0.016678371828888802 -0.3636102546296297 
-0.030270984248888938 1604682559053 -104.17886572207104 0 0.0 -0.04652350152888894 -0.6782984022727305 
-0.030270984248888938 1604682559092 -73.71483577048407 0 0.0 -0.055075614717777735 -0.2192849535612511 
-0.030270984248888938 1604682559115 -96.05290950038643 0 0.0 -0.06380226082888885 -0.3794193961352657 
-0.030270984248888938 1604682559172 -72.06348581407394 0 0.0 -0.06711838635111103 -0.05817764074074009 
-0.030270984248888938 1604682559220 -74.3724109309724 0 0.0 -0.06973638018444446 -0.05454153819444644 
-0.030270984248888938 1604682559246 -58.55956035752097 0 0.0 -0.06711838635111103 0.1006920705128242 
-0.030270984248888938 1604682559280 -45.12723815111108 0 0.0 -0.060835201151111046 0.1847995647058819 
-0.030270984248888938 1604682559319 -43.07759511578379 0 0.0 -0.05525014764000005 0.14320650028489726 
-0.030270984248888938 1604682559352 -12.812203157844756 0 0.0 -0.043381908928888824 0.35964359730640083 
-0.030270984248888938 1604682559379 -18.76630271325072 0 0.0 -0.03744778957333321 0.21978219835391163 
-0.030270984248888938 1604682559424 -12.237478585678868 0 0.0 -0.02872114346222209 0.19392546913580264 
-0.030270984248888938 1604682559471 29.119809655508035 0 0.0 -0.008126258640000002 0.43818903877068277 
-0.030270984248888938 1604682559511 56.23275642944482 0 0.0 0.012468626182222341 0.5148721205555585 
-0.030270984248888938 1604682559578 66.31854511024885 0 0.0 0.03620510360444455 0.354275782421227 
-0.030270984248888938 1604682559630 74.83058185316266 0 0.0 0.05086586907111128 0.2819377974358986 
-0.030270984248888938 1604682559692 71.97027742433671 0 0.0 0.059767048104444456 0.14356740376343832 
-0.030270984248888938 1604682559728 59.767048104444456 0 0.0 0.059767048104444456 0.0 
-0.030270984248888938 1604682559795 53.43176352467676 0 0.0 0.05697452134888896 -0.041679503814261144 
-0.030270984248888938 1604682559864 10.619588991723187 0 0.0 0.03620510360444455 -0.3010060542673102 
-0.030270984248888938 1604682559920 -75.41493347531762 0 0.0 -0.008126258640000002 -0.7916314686507956 
-0.030270984248888938 1604682559951 -85.84407987727579 0 0.0 -0.028895676384444395 -0.6699812175627223 
-0.030270984248888938 1604682559986 -118.65546495587299 0 0.0 -0.055075614717777735 -0.7479982380952382 
-0.030270984248888938 1604682560019 -78.16684921542112 0 0.0 -0.06153333284000004 -0.1956884279461304 
-0.030270984248888938 1604682560048 -140.4342504377005 0 0.0 -0.08160461889555543 -0.6921133122605305 
-0.030270984248888938 1604682560076 -118.93596429515874 0 0.0 -0.09085486377333324 -0.3303658884920648 
-0.030270984248888938 1604682560111 -119.57799611619063 0 0.0 -0.09923244403999998 -0.23935943619047825 
-0.030270984248888938 1604682560141 -154.76300212703694 0 0.0 -0.1137186765844444 -0.4828744181481474 
-0.030270984248888938 1604682560177 -133.07728654092577 0 0.0 -0.1194782630177777 -0.15998851203703604 
-0.030270984248888938 1604682560198 -151.1933883130157 0 0.0 -0.12576144821777768 -0.2991992952380945 
-0.030270984248888938 1604682560246 -140.26949737749973 0 0.0 -0.1309974358844443 -0.10908307638888767 
-0.030270984248888938 1604682560310 -146.8444798068402 0 0.0 -0.137804219851111 -0.10635599947916721 
-0.030270984248888938 1604682560359 -153.5549256075735 0 0.0 -0.1435638062844443 -0.1175425802721081 
-0.030270984248888938 1604682560388 -164.14665435341055 0 0.0 -0.14879979395111115 -0.1805512988505813 
-0.030270984248888938 1604682560415 -162.5555738951439 0 0.0 -0.15211591947333333 -0.12281946378600686 
-0.030270984248888938 1604682560439 -137.05518272657426 0 0.0 -0.14879979395111115 0.13817189675925773 
-0.030270984248888938 1604682560502 -154.12997398850072 0 0.0 -0.15106872193999996 -0.036014729982362034 
-0.030270984248888938 1604682560534 -142.77295398062526 0 0.0 -0.14879979395111115 0.07090399965277525 
-0.030270984248888938 1604682560572 -139.7608257686544 0 0.0 -0.1460072671955554 0.07348754619883544 
-0.030270984248888938 1604682560605 -125.41238237333332 0 0.0 -0.1402476807622221 0.1745329222222211 
-0.030270984248888938 1604682560634 -128.5840668564749 0 0.0 -0.1372806210844443 0.10231240268199311 
-0.030270984248888938 1604682560670 -127.30800383413634 0 0.0 -0.13431356140666673 0.08241832438271052 
-0.030270984248888938 1604682560717 -117.15734649886488 0 0.0 -0.1282049091288888 0.12997132505910494 
-0.030270984248888938 1604682560755 -101.652940092924 0 0.0 -0.12000186178444439 0.2158696669590634 
-0.030270984248888938 1604682560784 -72.6613112258239 0 0.0 -0.1079590901511111 0.41526798735632003 
-0.030270984248888938 1604682560820 -99.15972198907369 0 0.0 -0.10534109631777766 0.07272205092592898 
-0.030270984248888938 1604682560859 -67.05125830410257 0 0.0 -0.09329832468444436 0.30878901623931526 
-0.030270984248888938 1604682560920 -35.2332242979234 0 0.0 -0.06903824849555547 0.3977061670309655 
-0.030270984248888938 1604682560966 12.476214570145054 0 0.0 -0.04041484925111101 0.622247809661836 
-0.030270984248888938 1604682561015 32.13385605138312 0 0.0 -0.013885845073333306 0.5414082485260756 
-0.030270984248888938 1604682561054 69.90785840586926 0 0.0 0.012468626182222341 0.6757556732193756 
-0.030270984248888938 1604682561111 78.99322737871361 0 0.0 0.03917216328222236 0.4684831070175442 
-0.030270984248888938 1604682561149 114.87352181029195 0 0.0 0.06255957485999995 0.6154581994151999 
-0.030270984248888938 1604682561195 122.7013433414013 0 0.0 0.08367805844888898 0.4590974693236744 
-0.030270984248888938 1604682561231 94.23730024333302 0 0.0 0.08681965104888886 0.08726646111110783 
-0.030270984248888938 1604682561275 113.93968716782825 0 0.0 0.09606989592666663 0.21023283813131316 
-0.030270984248888938 1604682561320 112.70870117851842 0 0.0 0.10182948235999995 0.12799080962962914 
-0.030270984248888938 1604682561362 101.82948235999994 0 0.0 0.10182948235999995 0.0 
-0.030270984248888938 1604682561399 81.11195278162162 0 0.0 0.09554629715999996 -0.16981581621621583 
-0.030270984248888938 1604682561435 75.60106265938329 0 0.0 0.08961217780444458 -0.164836648765427 
-0.030270984248888938 1604682561472 60.83783116780796 0 0.0 0.08088553169333348 -0.2358553003003003 
-0.030270984248888938 1604682561512 33.434393464166575 0 0.0 0.06570116746000007 -0.3796091058333352 
-0.030270984248888938 1604682561538 28.445101370256463 0 0.0 0.05697452134888896 -0.3356402350427352 
-0.030270984248888938 1604682561582 4.781244289798252 0 0.0 0.03917216328222236 -0.40459904696969534 
-0.030270984248888938 1604682561624 -23.630599897407894 0 0.0 0.01840274553777771 -0.49450994629630124 
-0.030270984248888938 1604682561683 -89.79583349951008 0 0.0 -0.025928616706666595 -0.7513790210922764 
-0.030270984248888938 1604682561731 -115.39491985828667 0 0.0 -0.0582172073177776 -0.6726789710648127 
-0.030270984248888938 1604682561813 -173.02794338593492 0 0.0 -0.11459134119555545 -0.6874894375338761 
-0.030270984248888938 1604682561877 -215.36228716361117 0 0.0 -0.15787550590666663 -0.6763150736111122 
-0.030270984248888938 1604682561914 -263.76510152948964 0 0.0 -0.18998956359555558 -0.8679475051051068 
-0.030270984248888938 1604682561950 -249.23864255327115 0 0.0 -0.20761738873999988 -0.48966180956789734 
---------------------------------------
Time Duty_cycle X X_dot Theta Theta_dot
---------------------------------------
Time Duty_cycle X X_dot Theta Theta_dot
---------------------------------------
Time Duty_cycle X X_dot Theta Theta_dot
---------------------------------------
Time Duty_cycle X X_dot Theta Theta_dot
---------------------------------------
Time Duty_cycle X X_dot Theta Theta_dot
---------------------------------------
Time Duty_cycle X X_dot Theta Theta_dot
