---------------------------------------
Time Duty_cycle X X_dot Theta Theta_dot
-0.02481159548444444 1601426737498 -0.55101794482381 0 0.0 -0.0003211453155555176 -0.002554140325203248 
-0.02481159548444444 1601426737585 -0.3211453155555176 0 0.0 -0.0003211453155555176 0.0 
-0.02481159548444444 1601426737644 -0.3211453155555176 0 0.0 -0.0003211453155555176 0.0 
-0.02481159548444444 1601426737706 -0.3211453155555176 0 0.0 -0.0003211453155555176 0.0 
-0.02481159548444444 1601426737748 -0.3211453155555176 0 0.0 -0.0003211453155555176 0.0 
-0.02481159548444444 1601426737774 -0.3211453155555176 0 0.0 -0.0003211453155555176 0.0 
-0.02481159548444444 1601426737830 -0.3211453155555176 0 0.0 -0.0003211453155555176 0.0 
-0.02481159548444444 1601426737852 -0.3211453155555176 0 0.0 -0.0003211453155555176 0.0 
-0.02481159548444444 1601426737887 -0.3211453155555176 0 0.0 -0.0003211453155555176 0.0 
-0.02481159548444444 1601426737925 -0.3211453155555176 0 0.0 -0.0003211453155555176 0.0 
-0.02481159548444444 1601426737972 -0.3211453155555176 0 0.0 -0.0003211453155555176 0.0 
-0.02481159548444444 1601426738005 -0.3211453155555176 0 0.0 -0.0003211453155555176 0.0 
-0.02481159548444444 1601426738039 -0.3211453155555176 0 0.0 -0.0003211453155555176 0.0 
-0.02481159548444444 1601426738113 -0.3211453155555176 0 0.0 -0.0003211453155555176 0.0 
-0.02481159548444444 1601426738135 -0.3211453155555176 0 0.0 -0.0003211453155555176 0.0 
-0.02481159548444444 1601426738169 -0.3211453155555176 0 0.0 -0.0003211453155555176 0.0 
-0.02481159548444444 1601426738216 -0.3211453155555176 0 0.0 -0.0003211453155555176 0.0 
-0.02481159548444444 1601426738246 -0.3211453155555176 0 0.0 -0.0003211453155555176 0.0 
-0.02481159548444444 1601426738306 -0.3211453155555176 0 0.0 -0.0003211453155555176 0.0 
-0.02481159548444444 1601426738351 -0.3211453155555176 0 0.0 -0.0003211453155555176 0.0 
-0.02481159548444444 1601426738418 -0.3211453155555176 0 0.0 -0.0003211453155555176 0.0 
-0.02481159548444444 1601426738463 -0.3211453155555176 0 0.0 -0.0003211453155555176 0.0 
-0.02481159548444444 1601426738517 -0.3211453155555176 0 0.0 -0.0003211453155555176 0.0 
-0.02481159548444444 1601426738562 -0.3211453155555176 0 0.0 -0.0003211453155555176 0.0 
-0.02481159548444444 1601426738587 -0.3211453155555176 0 0.0 -0.0003211453155555176 0.0 
-0.02481159548444444 1601426738607 -0.3211453155555176 0 0.0 -0.0003211453155555176 0.0 
-0.02481159548444444 1601426738635 0.13388694595200124 0 0.0 -0.00014661239333345344 0.003116659325393941 
-0.02481159548444444 1601426738670 -0.3211453155555176 0 0.0 -0.0003211453155555176 0.0 
-0.02481159548444444 1601426738703 -0.5591447549492368 0 0.0 -0.0003211453155555176 -0.002644438215485768 
-0.02481159548444444 1601426738734 -0.3211453155555176 0 0.0 -0.0003211453155555176 0.0 
-0.02481159548444444 1601426738755 11.198027551110803 0 0.0 0.003344046051111039 0.08726646111110849 
-0.02481159548444444 1601426738786 -0.3211453155555176 0 0.0 -0.0003211453155555176 0.0 
-0.02481159548444444 1601426738814 -6.21163144055534 0 0.0 -0.0003211453155555176 -0.06544984583333137 
-0.02481159548444444 1601426738858 -0.3211453155555176 0 0.0 -0.0003211453155555176 0.0 
-0.02481159548444444 1601426738894 -0.3211453155555176 0 0.0 -0.0003211453155555176 0.0 
-0.02481159548444444 1601426738919 -0.3211453155555176 0 0.0 -0.0003211453155555176 0.0 
-0.02481159548444444 1601426738952 -0.3211453155555176 0 0.0 -0.0003211453155555176 0.0 
-0.02481159548444444 1601426738977 -0.3211453155555176 0 0.0 -0.0003211453155555176 0.0 
-0.02481159548444444 1601426739007 -0.3211453155555176 0 0.0 -0.0003211453155555176 0.0 
-0.02481159548444444 1601426739047 -0.3211453155555176 0 0.0 -0.0003211453155555176 0.0 
-0.02481159548444444 1601426739098 -0.3211453155555176 0 0.0 -0.0003211453155555176 0.0 
-0.02481159548444444 1601426739151 -0.3211453155555176 0 0.0 -0.0003211453155555176 0.0 
-0.02481159548444444 1601426739208 6.2376181826899 0 0.0 0.003344046051111039 0.03215080146198734 
-0.02481159548444444 1601426739261 -0.3211453155555176 0 0.0 -0.0003211453155555176 0.0 
-0.02481159548444444 1601426739304 -4.156810699276333 0 0.0 -0.0003211453155555176 -0.042618504263564616 
-0.02481159548444444 1601426739341 -8.057199165405482 0 0.0 -0.0038118037600000133 -0.047171060060060756 
-0.02481159548444444 1601426739400 -51.083602016120665 0 0.0 -0.029119077482222283 -0.24405027259887088 
-0.02481159548444444 1601426739434 -120.60512865411746 0 0.0 -0.05407728535999993 -0.7391982588235283 
-0.02481159548444444 1601426739482 -0.3756868537497695 0 0.0 -0.014283779093333247 0.1545343582175942 
-0.02481159548444444 1601426739522 -8.458742814167007 0 0.0 -0.032609735926666786 0.2683443679166642 
-0.02481159548444444 1601426739574 132.54875453081175 0 0.0 0.06443056882888881 0.756868730021366 
-0.02481159548444444 1601426739619 168.45219047333342 0 0.0 0.0679212272733333 1.1170107022222233 
-0.02481159548444444 1601426739662 204.8037451575712 0 0.0 0.13302200726222227 0.7975748655038771 
-0.02481159548444444 1601426739705 259.72884989038783 0 0.0 0.16164540650666676 1.0898160375969008 
-0.02481159548444444 1601426739734 409.14512697103464 0 0.0 0.2412324190400001 1.8656967547892727 
-0.02481159548444444 1601426739753 453.2439898236254 0 0.0 0.24821373592888885 2.2781139321637394 
-0.02481159548444444 1601426739787 313.41718234261464 0 0.0 0.2722992791955557 0.45686559052287723 
---------------------------------------
Time Duty_cycle X X_dot Theta Theta_dot
---------------------------------------
Time Duty_cycle X X_dot Theta Theta_dot
-0.02481159548444444 1601426752001 -420.46887873735056 0 0.0 0.003344046051111039 -4.709032497649574 
-0.02481159548444444 1601426752060 -201.79130126244848 0 0.0 0.003344046051111039 -2.279281636817328 
-0.02481159548444444 1601426752091 12.329676498423208 0 0.0 0.007009237417777845 0.05911598978494849 
-0.02481159548444444 1601426752139 17.208505060139185 0 0.0 0.010499895862222339 0.07454010219907606 
-0.02481159548444444 1601426752181 21.83206916936502 0 0.0 0.014165087228888896 0.08518868822751248 
-0.02481159548444444 1601426752211 37.1161665011112 0 0.0 0.021146404117777885 0.17744180425925907 
-0.02481159548444444 1601426752347 23.456398676601445 0 0.0 0.021146404117777885 0.025666606209150695 
-0.02481159548444444 1601426752392 -0.14661239333320708 0 0.0 0.010499895862222339 -0.1182945361728394 
-0.02481159548444444 1601426752421 -24.280302673027162 0 0.0 0.003344046051111039 -0.30693720804598 
-0.02481159548444444 1601426752466 -39.76558573777807 0 0.0 -0.014632844937777868 -0.2792526755555578 
-0.02481159548444444 1601426752530 -39.4601531238889 0 0.0 -0.02178869474888892 -0.19634953749999975 
-0.02481159548444444 1601426752577 -42.64723568765942 0 0.0 -0.028944544559999966 -0.15225212364066054 
-0.02481159548444444 1601426752619 -36.61152650047608 0 0.0 -0.028944544559999966 -0.08518868822751244 
-0.02481159548444444 1601426752650 -19.958914112688415 0 0.0 -0.025279353193333416 0.05911598978494446 
-0.02481159548444444 1601426752719 -17.121836176425205 0 0.0 -0.02178869474888892 0.05185398413848573 
-0.02481159548444444 1601426752760 27.072009672249497 0 0.0 -0.0003211453155555176 0.30436838875338906 
-0.02481159548444444 1601426752795 52.013798076508245 0 0.0 0.010499895862222339 0.4612655801587323 
-0.02481159548444444 1601426752866 52.43204497865402 0 0.0 0.031967445295555494 0.22738444092331697 
-0.02481159548444444 1601426752929 65.85176548126978 0 0.0 0.042788486473333345 0.2562586556437382 
-0.02481159548444444 1601426752976 60.32347495702116 0 0.0 0.04645367783999991 0.15410885685579168 
-0.02481159548444444 1601426753026 42.78848647333334 0 0.0 0.042788486473333345 0.0 
-0.02481159548444444 1601426753073 11.264869946855654 0 0.0 0.028476786851110998 -0.19124352115839272 
-0.02481159548444444 1601426753135 -19.26078242379933 0 0.0 0.006834704495555535 -0.2899498546594985 
-0.02481159548444444 1601426753179 -65.42985861909091 0 0.0 -0.017948970460000054 -0.5275654239898984 
-0.02481159548444444 1601426753208 -111.63102105693474 0 0.0 -0.03959105281555552 -0.8004440915708801 
-0.02481159548444444 1601426753253 -96.83785130444419 0 0.0 -0.057393410882222114 -0.43827156024691194 
-0.02481159548444444 1601426753298 -111.49861677111112 0 0.0 -0.07554483479333332 -0.39948646641975327 
-0.02481159548444444 1601426753337 -111.90138505316239 0 0.0 -0.08270068460444438 -0.32445222720797784 
-0.02481159548444444 1601426753370 -100.70930885191912 0 0.0 -0.08619134304888887 -0.1613107311447806 
-0.02481159548444444 1601426753403 -92.1889289216163 0 0.0 -0.08671494181555556 -0.06082207895623038 
-0.02481159548444444 1601426753421 -73.97403849333308 0 0.0 -0.08270068460444438 0.09696273456790325 
-0.02481159548444444 1601426753459 -77.94695895970746 0 0.0 -0.08270068460444438 0.05281917383041023 
-0.02481159548444444 1601426753499 -67.4945037558334 0 0.0 -0.07554483479333332 0.08944812263888789 
-0.02481159548444444 1601426753533 -48.635964843659934 0 0.0 -0.06803991913777765 0.21559949215686358 
-0.02481159548444444 1601426753558 -35.47207585111147 0 0.0 -0.06123313517111124 0.2862339924444418 
-0.02481159548444444 1601426753595 -21.236793346186328 0 0.0 -0.04692143554888888 0.2853849133633617 
-0.02481159548444444 1601426753628 23.74853132181818 0 0.0 -0.025279353193333416 0.5447542723905733 
-0.02481159548444444 1601426753658 70.0156223399997 0 0.0 -0.00014661239333345344 0.7795803859259239 
-0.02481159548444444 1601426753687 93.18637235915747 0 0.0 0.021146404117777885 0.8004440915708844 
-0.02481159548444444 1601426753742 58.24258340464645 0 0.0 0.031967445295555494 0.29194597898989955 
-0.02481159548444444 1601426753779 92.70490222888877 0 0.0 0.05343499472888889 0.4363323055555542 
-0.02481159548444444 1601426753824 96.54462651777803 0 0.0 0.06425603590666676 0.3587621179012363 
-0.02481159548444444 1601426753865 91.14261972997295 0 0.0 0.0714118857177778 0.2192303779132794 
-0.02481159548444444 1601426753907 79.07886765825393 0 0.0 0.0714118857177778 0.08518868822751244 
-0.02481159548444444 1601426753942 55.055657578095406 0 0.0 0.06425603590666676 -0.10222642587301492 
-0.02481159548444444 1601426754002 46.36641137888869 0 0.0 0.05710018609555546 -0.11926416351851962 
-0.02481159548444444 1601426754054 24.2107994637179 0 0.0 0.042788486473333345 -0.2064187445512827 
-0.02481159548444444 1601426754084 -50.237561071110946 0 0.0 0.014165087228888896 -0.7155849811111094 
-0.02481159548444444 1601426754125 -46.90440794672095 0 0.0 2.7920528888857044e-05 -0.5214703163956645 
-0.02481159548444444 1601426754158 -78.65469413474749 0 0.0 -0.025104820271111113 -0.5949985984848486 
-0.02481159548444444 1601426754204 -85.59944879091805 0 0.0 -0.04325624418222233 -0.4704800512077303 
-0.02481159548444444 1601426754238 -109.05002253875847 0 0.0 -0.06123313517111124 -0.5312987485294136 
-0.02481159548444444 1601426754263 -103.85407477777761 0 0.0 -0.0648983265377778 -0.43284164711110906 
-0.02481159548444444 1601426754312 -88.01859588766443 0 0.0 -0.07519576894888896 -0.142475854875283 
-0.02481159548444444 1601426754355 -92.40146795586547 0 0.0 -0.07833736154888882 -0.1562678489664072 
-0.02481159548444444 1601426754384 -75.19576894888897 0 0.0 -0.07519576894888896 0.0 
-0.02481159548444444 1601426754435 -72.42377547830087 0 0.0 -0.07519576894888896 0.030799927450978964 
-0.02481159548444444 1601426754462 -54.71723940814835 0 0.0 -0.06751632037111122 0.14221201069958742 
-0.02481159548444444 1601426754527 -38.57070650102543 0 0.0 -0.05355368659333324 0.16647755658119792 
-0.02481159548444444 1601426754582 -29.43641006808084 0 0.0 -0.04657236970444451 0.19039955151515192 
-0.02481159548444444 1601426754601 17.58225812713419 0 0.0 -0.03243520300444447 0.5557495681286517 
-0.02481159548444444 1601426754655 12.943356773333262 0 0.0 -0.01410924617111118 0.3005844771604938 
-0.02481159548444444 1601426754687 36.43985142750001 0 0.0 -0.0038118037600000133 0.44724061319444464 
-0.02481159548444444 1601426754721 43.07081914163435 0 0.0 0.010499895862222339 0.36189914754902236 
-0.02481159548444444 1601426754755 54.17932630895451 0 0.0 0.021146404117777885 0.3670324687908514 
-0.02481159548444444 1601426754782 39.3560056696293 0 0.0 0.021320937039999946 0.20038965144032608 
-0.02481159548444444 1601426754903 16.357566913002792 0 0.0 0.01765574567333339 -0.01442420844811774 
-0.02481159548444444 1601426754938 -19.769099506031843 0 0.0 0.003344046051111039 -0.2568127284126987 
-0.02481159548444444 1601426754988 -43.692576487778 0 0.0 -0.014632844937777868 -0.3228859061111125 
-0.02481159548444444 1601426755035 -87.87354334179682 0 0.0 -0.04325624418222233 -0.4957477684397167 
-0.02481159548444444 1601426755059 -137.5694720280551 0 0.0 -0.057393410882222114 -0.8908451238425884 
-0.02481159548444444 1601426755098 -89.86996002495718 0 0.0 -0.0648983265377778 -0.277462594301993 
-0.02481159548444444 1601426755143 -107.30982663777795 0 0.0 -0.08235161876000002 -0.2773134208641991 
-0.02481159548444444 1601426755216 -110.88416525041083 0 0.0 -0.09334719285999993 -0.19485524878234353 
-0.02481159548444444 1601426755315 -114.33874341454556 0 0.0 -0.10434276696000008 -0.11106640505050534 
-0.02481159548444444 1601426755348 -110.26101968626301 0 0.0 -0.10050304267111124 -0.10842196683501983 
-0.02481159548444444 1601426755382 -86.90487470150312 0 0.0 -0.09683785130444444 0.11036640669934802 
-0.02481159548444444 1601426755412 -72.57777511555565 0 0.0 -0.089332935648889 0.1861684503703706 
-0.02481159548444444 1601426755437 -53.832939268889135 0 0.0 -0.08147895414888898 0.30717794311110935 
-0.02481159548444444 1601426755466 -43.46086898758631 0 0.0 -0.07135604466000009 0.30994639636015314 
-0.02481159548444444 1601426755516 -55.94478762777747 0 0.0 -0.06803991913777765 0.13439035011111322 
-0.02481159548444444 1601426755554 -17.60449758719265 0 0.0 -0.046746902626666566 0.3238045004385991 
-0.02481159548444444 1601426755593 64.28288712547005 0 0.0 -0.0066043305155555065 0.7876357515669506 
-0.02481159548444444 1601426755626 63.39923792484807 0 0.0 -0.00014661239333345344 0.7060650035353503 
-0.02481159548444444 1601426755655 19.2265419733333 0 0.0 0.0035185789733333493 0.1745329222222217 
-0.02481159548444444 1601426755673 74.98981062333345 0 0.0 0.021320937039999946 0.5963208175925945 
-0.02481159548444444 1601426755737 64.15786113791644 0 0.0 0.039123295106666546 0.27816184479166556 
-0.02481159548444444 1601426755773 69.6229232650001 0 0.0 0.042788486473333345 0.29816040879629724 
-0.02481159548444444 1601426755801 57.77961782849244 0 0.0 0.04627914491777785 0.12778303234127325 
-0.02481159548444444 1601426755852 49.35913766287593 0 0.0 0.04627914491777785 0.03422214161220094 
-0.02481159548444444 1601426755893 31.269313606666337 0 0.0 0.039123295106666546 -0.08726646111111344 
-0.02481159548444444 1601426755915 24.48632958393889 0 0.0 0.039123295106666546 -0.16263295025252952 
-0.02481159548444444 1601426755954 15.81643718529939 0 0.0 0.028302253928888937 -0.13873129715099497 
-0.02481159548444444 1601426756001 -10.072708161418483 0 0.0 0.013990554306666585 -0.267369582978723 
-0.02481159548444444 1601426756027 -59.39382668307704 0 0.0 -0.0038118037600000133 -0.6175780324786336 
-0.02481159548444444 1601426756053 -73.70552630529872 0 0.0 -0.018123503382222114 -0.6175780324786289 
-0.02481159548444444 1601426756096 -83.46375877602082 0 0.0 -0.04273264541555564 -0.452567926227391 
-0.02481159548444444 1601426756154 -132.8036700354789 0 0.0 -0.08270068460444438 -0.5566998381226058 
-0.02481159548444444 1601426756187 -193.71948976707057 0 0.0 -0.10661169494888889 -0.9678643868686853 
-0.02481159548444444 1601426756205 -204.8737301600001 0 0.0 -0.11760726904888882 -0.969627345679014 
-0.02481159548444444 1601426756263 -138.5361737739847 0 0.0 -0.1245885859377778 -0.15497319818007657 
-0.02481159548444444 1601426756319 -175.52726595206354 0 0.0 -0.14972132673777777 -0.2867326579365087 
-0.02481159548444444 1601426756365 -202.96525059743954 0 0.0 -0.1642075592822222 -0.4306410146135257 
-0.02481159548444444 1601426756410 -201.03400587111105 0 0.0 -0.17537766630444443 -0.28507043962962925 
-0.02481159548444444 1601426756445 -211.68051412666665 0 0.0 -0.18497697702666663 -0.296705967777778 
-0.02481159548444444 1601426756475 -227.30121066555535 0 0.0 -0.1961470840488888 -0.3461569624074059 
-0.02481159548444444 1601426756513 -237.5848741617546 0 0.0 -0.20906252029333341 -0.3169150429824577 
-0.02481159548444444 1601426756567 -233.90437288962983 0 0.0 -0.21674196887111116 -0.19069337798354058 
-0.02481159548444444 1601426756618 -226.80327850509792 0 0.0 -0.2184872980933333 -0.09239978235294015 
---------------------------------------
Time Duty_cycle X X_dot Theta Theta_dot
-0.02481159548444444 1601426762743 250.940812838611 0 0.0 0.003344046051111039 2.7510751865277774 
-0.02481159548444444 1601426762790 215.73575852983438 0 0.0 0.003344046051111039 2.3599079164302594 
-0.02481159548444444 1601426762850 -2.7646062266668254 0 0.0 -0.00014661239333345344 -0.029088820370370798 
-0.02481159548444444 1601426762878 -15.76730893222237 0 0.0 -0.003986336682222324 -0.13089969166666718 
-0.02481159548444444 1601426762919 -15.522537151056575 0 0.0 -0.007476995126666573 -0.08939491138211113 
-0.02481159548444444 1601426762967 -24.613946427361192 0 0.0 -0.014632844937777868 -0.11090112766203696 
-0.02481159548444444 1601426763034 -37.236160850049956 0 0.0 -0.025279353193333416 -0.1328534184079615 
-0.02481159548444444 1601426763083 -28.360393555011324 0 0.0 -0.02178869474888892 -0.07301887562358224 
-0.02481159548444444 1601426763116 -16.616173599393672 0 0.0 -0.02161416182666661 0.05553320252525485 
-0.02481159548444444 1601426763161 -7.127929282222196 0 0.0 -0.014458312015555558 0.08144869703703736 
-0.02481159548444444 1601426763182 23.36546555745997 0 0.0 -0.007302462204444506 0.34075475291004975 
-0.02481159548444444 1601426763230 13.270606002499774 0 0.0 -0.00014661239333345344 0.14908020439814698 
-0.02481159548444444 1601426763257 21.08822647703694 0 0.0 0.003344046051111039 0.19715756028806558 
-0.02481159548444444 1601426763286 17.667782426590176 0 0.0 0.006834704495555535 0.12036753256705157 
-0.02481159548444444 1601426763309 24.500471579614015 0 0.0 0.010499895862222339 0.15556195241546308 
-0.02481159548444444 1601426763341 15.65407122159753 0 0.0 0.010499895862222339 0.057268615104168794 
-0.02481159548444444 1601426763376 2.12231559555536 0 0.0 0.006834704495555535 -0.05235987666666861 
-0.02481159548444444 1601426763414 -5.511203265847911 0 0.0 0.0031695131288889747 -0.09645240438596539 
-0.02481159548444444 1601426763482 -5.346666811307259 0 0.0 -0.0004956782377778281 -0.053899873039215895 
-0.02481159548444444 1601426763522 -26.871966108611105 0 0.0 -0.010967653571111062 -0.17671458375000046 
-0.02481159548444444 1601426763567 -21.788694748888908 0 0.0 -0.011142186493333373 -0.11829453617283928 
-0.02481159548444444 1601426763655 -16.243307811010133 0 0.0 -0.014458312015555558 -0.01983328661616195 
-0.02481159548444444 1601426763678 0.210041839033698 0 0.0 -0.007302462204444506 0.08347226714975782 
-0.02481159548444444 1601426763722 7.429703094040573 0 0.0 -0.0036372708377776994 0.12296637702020302 
-0.02481159548444444 1601426763774 6.045949943204958 0 0.0 -0.00014661239333345344 0.06880624818376012 
-0.02481159548444444 1601426763824 9.627231251110901 0 0.0 0.003344046051111039 0.06981316888888735 
-0.02481159548444444 1601426763868 -0.499644895100807 0 0.0 -0.0003211453155555176 -0.001983328661614326 
-0.02481159548444444 1601426763904 -12.756616023888828 0 0.0 -0.0038118037600000133 -0.09938680293209795 
-0.02481159548444444 1601426763959 -20.313098224646282 0 0.0 -0.01131671941555544 -0.09995976454545381 
-0.02481159548444444 1601426764001 -18.6346355115872 0 0.0 -0.010967653571111062 -0.0851886882275126 
-0.02481159548444444 1601426764032 -19.01868837039442 0 0.0 -0.014458312015555558 -0.05067084838709845 
-0.02481159548444444 1601426764067 -18.94630144412706 0 0.0 -0.014458312015555558 -0.04986654920635003 
-0.02481159548444444 1601426764128 -14.458312015555558 0 0.0 -0.014458312015555558 0.0 
-0.02481159548444444 1601426764168 -7.040662821110997 0 0.0 -0.010967653571111062 0.043633230555556284 
-0.02481159548444444 1601426764223 4.898975721818151 0 0.0 -0.0038118037600000133 0.0967864386868685 
-0.02481159548444444 1601426764273 2.960073622222327 0 0.0 -0.0036372708377776994 0.07330382733333363 
-0.02481159548444444 1601426764342 2.243729802318653 0 0.0 -0.00014661239333345344 0.02655935772946785 
-0.02481159548444444 1601426764379 -11.760127380120352 0 0.0 -0.007302462204444506 -0.04952961306306495 
-0.02481159548444444 1601426764414 -24.880420799682273 0 0.0 -0.010967653571111062 -0.15458630253968011 
-0.02481159548444444 1601426764436 -30.15834170090877 0 0.0 -0.014807377859999936 -0.17056626489898707 
-0.02481159548444444 1601426764469 -36.95719235292964 0 0.0 -0.02196322767111123 -0.16659960757576012 
-0.02481159548444444 1601426764495 -42.927316751880454 0 0.0 -0.025104820271111113 -0.19802773867521495 
-0.02481159548444444 1601426764537 -36.42452694095218 0 0.0 -0.028944544559999966 -0.08311091534391342 
-0.02481159548444444 1601426764586 -38.83236888834452 0 0.0 -0.032260670082222144 -0.07301887562358195 
-0.02481159548444444 1601426764614 -38.04518979015887 0 0.0 -0.03243520300444447 -0.062333186507937795 
-0.02481159548444444 1601426764668 -32.5806471062964 0 0.0 -0.03243520300444447 -0.0016160455761325687 
-0.02481159548444444 1601426764735 -20.1814288830514 0 0.0 -0.025104820271111113 0.05470434875621902 
-0.02481159548444444 1601426764775 -9.440490501666511 0 0.0 -0.02161416182666661 0.13526301472222332 
-0.02481159548444444 1601426764841 -1.3286762756564823 0 0.0 -0.010967653571111062 0.10709974772727311 
-0.02481159548444444 1601426764905 27.135065011527857 0 0.0 0.007009237417777845 0.22362030659722232 
-0.02481159548444444 1601426764949 68.81769182838356 0 0.0 0.028476786851110998 0.4482322775252507 
-0.02481159548444444 1601426764984 88.39144572253943 0 0.0 0.04261395355111104 0.5086388019047599 
-0.02481159548444444 1601426765034 75.897381818889 0 0.0 0.05343499472888889 0.24958207877777897 
-0.02481159548444444 1601426765065 78.1285881762006 0 0.0 0.05710018609555546 0.23364891200716809 
-0.02481159548444444 1601426765094 62.78755200934839 0 0.0 0.05710018609555546 0.06319295459769925 
-0.02481159548444444 1601426765127 48.43700650161632 0 0.0 0.05343499472888889 -0.055533202525250853 
-0.02481159548444444 1601426765185 31.684581594023086 0 0.0 0.042788486473333345 -0.12337672088122509 
-0.02481159548444444 1601426765229 2.598314474343521 0 0.0 0.028302253928888937 -0.28559932727272686 
-0.02481159548444444 1601426765256 -53.08826546740749 0 0.0 0.006834704495555535 -0.6658107773662558 
-0.02481159548444444 1601426765303 -34.55930580255326 0 0.0 -0.0038118037600000133 -0.34163891158392495 
-0.02481159548444444 1601426765333 -82.6134181433332 0 0.0 -0.028944544559999966 -0.5963208175925916 
-0.02481159548444444 1601426765381 -80.57356461486097 0 0.0 -0.04343077710444438 -0.4126976390046288 
-0.02481159548444444 1601426765415 -103.56250213124197 0 0.0 -0.06105860224888892 -0.47226555424836725 
-0.02481159548444444 1601426765452 -82.88465173867904 0 0.0 -0.06123313517111124 -0.24057240630630888 
-0.02481159548444444 1601426765481 -79.76371680980853 0 0.0 -0.06838898498222229 -0.1263859091954028 
-0.02481159548444444 1601426765526 -68.56351790444435 0 0.0 -0.0648983265377778 -0.04072434851851714 
-0.02481159548444444 1601426765598 -45.132473096110964 0 0.0 -0.05407728535999993 0.09938680293209959 
-0.02481159548444444 1601426765637 -10.766269430085522 0 0.0 -0.039765585737777824 0.3222146256410256 
-0.02481159548444444 1601426765669 15.217738916041345 0 0.0 -0.025279353193333416 0.44996769010416404 
-0.02481159548444444 1601426765688 57.23797524467863 0 0.0 -0.010967653571111062 0.7578403201754411 
-0.02481159548444444 1601426765722 16.08494937333366 0 0.0 -0.007476995126666573 0.2617993833333359 
-0.02481159548444444 1601426765753 32.676837172974786 0 0.0 0.006834704495555535 0.28713480752688053 
-0.02481159548444444 1601426765792 54.17340324598303 0 0.0 0.021146404117777885 0.3669666569800572 
-0.02481159548444444 1601426765834 51.66473223206328 0 0.0 0.028476786851110998 0.25764383756613646 
-0.02481159548444444 1601426765881 49.50243377924355 0 0.0 0.0356326366622223 0.15410885685579165 
-0.02481159548444444 1601426765915 45.103614353399024 0 0.0 0.0356326366622223 0.10523308545751908 
-0.02481159548444444 1601426765932 22.2654681484963 0 0.0 0.031967445295555494 -0.10779974607843547 
-0.02481159548444444 1601426765978 21.476498992415163 0 0.0 0.028476786851110998 -0.0777809762077315 
-0.02481159548444444 1601426766023 3.3440460511112864 0 0.0 0.01765574567333339 -0.1590188846913567 
-0.02481159548444444 1601426766057 -46.54670309823517 0 0.0 -0.0038118037600000133 -0.4748322148692795 
-0.02481159548444444 1601426766114 -40.123837525497294 0 0.0 -0.014632844937777868 -0.28323325097466023 
-0.02481159548444444 1601426766163 -65.0835451491156 0 0.0 -0.03575132852666665 -0.32591351802721047 
-0.02481159548444444 1601426766200 -101.66345074858867 0 0.0 -0.053902752437777875 -0.5306744256756756 
-0.02481159548444444 1601426766252 -82.95912758542745 0 0.0 -0.06105860224888892 -0.24333917040598368 
-0.02481159548444444 1601426766280 -90.76036561992012 0 0.0 -0.06803991913777765 -0.25244940535713856 
-0.02481159548444444 1601426766330 -74.32310433777754 0 0.0 -0.06803991913777765 -0.06981316888888756 
-0.02481159548444444 1601426766365 -60.85913605206371 0 0.0 -0.0648983265377778 0.044879894285712194 
-0.02481159548444444 1601426766391 -49.45216292111161 0 0.0 -0.06123313517111124 0.13089969166666254 
-0.02481159548444444 1601426766423 -38.44022635965301 0 0.0 -0.053902752437777875 0.1718058453124985 
-0.02481159548444444 1601426766486 -24.132422561587163 0 0.0 -0.03959105281555552 0.1717625583774262 
-0.02481159548444444 1601426766528 42.62642018841268 0 0.0 -0.007302462204444506 0.5547653599206355 
-0.02481159548444444 1601426766574 66.75261553323669 0 0.0 0.014165087228888896 0.5843058700483088 
-0.02481159548444444 1601426766615 89.71230114785922 0 0.0 0.038948762184444485 0.5640393218157194 
-0.02481159548444444 1601426766637 110.90392602787841 0 0.0 0.04593007907333322 0.72193163282828 
-0.02481159548444444 1601426766667 75.16434354555552 0 0.0 0.05343499472888889 0.2414372090740737 
-0.02481159548444444 1601426766698 63.90133996795695 0 0.0 0.05326046180666658 0.11823197956989295 
-0.02481159548444444 1601426766735 68.90710242858881 0 0.0 0.060416311617777885 0.09434212012012151 
-0.02481159548444444 1601426766782 67.60929609319146 0 0.0 0.060590844539999945 0.07798279503546131 
-0.02481159548444444 1601426766846 42.58122862819429 0 0.0 0.049944336284444404 -0.08181230729166793 
-0.02481159548444444 1601426766931 -16.018841673071684 0 0.0 0.010499895862222339 -0.2946526392810447 
-0.02481159548444444 1601426766979 -68.07264406069432 0 0.0 -0.010967653571111062 -0.6344998943287028 
-0.02481159548444444 1601426767023 -97.17501717691948 0 0.0 -0.04273264541555564 -0.6049152417929315 
-0.02481159548444444 1601426767069 -146.6594122109664 0 0.0 -0.07955909200444453 -0.7455591134057986 
-0.02481159548444444 1601426767103 -168.4476826279737 0 0.0 -0.09683785130444444 -0.7956647924836585 
-0.02481159548444444 1601426767139 -143.56904122944434 0 0.0 -0.10800795832666665 -0.3951231433641966 
-0.02481159548444444 1601426767179 -150.61580796416672 0 0.0 -0.12214512502666669 -0.31634092152777804 
-0.02481159548444444 1601426767201 -185.0801101170708 0 0.0 -0.13331523204888893 -0.5751653118686875 
-0.02481159548444444 1601426767239 -154.16732328280716 0 0.0 -0.13680589049333342 -0.1929048087719306 
-0.02481159548444444 1601426767282 -154.74625133571038 0 0.0 -0.14378720738222214 -0.12176715503875835 
-0.02481159548444444 1601426767330 -164.19665097458304 0 0.0 -0.1509430571933332 -0.14726215312499807 
-0.02481159548444444 1601426767371 -180.76264549008144 0 0.0 -0.1614150325266667 -0.21497347737127503 
-0.02481159548444444 1601426767393 -182.83498207212156 0 0.0 -0.1614150325266667 -0.23799943939394305 
-0.02481159548444444 1601426767442 -161.4150325266667 0 0.0 -0.1614150325266667 0.0 
-0.02481159548444444 1601426767477 -169.39368039968264 0 0.0 -0.16490569097111119 -0.04986654920634944 
-0.02481159548444444 1601426767513 -169.26901402666684 0 0.0 -0.16490569097111119 -0.048481367283951624 
-0.02481159548444444 1601426767539 -183.97005632153807 0 0.0 -0.1718870078599999 -0.1342560940170904 
-0.02481159548444444 1601426767565 -176.3443101813674 0 0.0 -0.16909448110444442 -0.08055365641025551 
-0.02481159548444444 1601426767609 -171.88700785999993 0 0.0 -0.1718870078599999 0.0 
-0.02481159548444444 1601426767639 -163.85849343777755 0 0.0 -0.1670000860377777 0.03490658444444591 
-0.02481159548444444 1601426767710 -165.3285031207201 0 0.0 -0.16787275064888899 0.028269416979654422 
-0.02481159548444444 1601426767756 -179.42986545516897 0 0.0 -0.17328327123777768 -0.06829549130434767 
-0.02481159548444444 1601426767804 -167.5345931120833 0 0.0 -0.16769821772666668 0.0018180512731489952 
-0.02481159548444444 1601426767831 -141.63463467481506 0 0.0 -0.1614150325266667 0.21978219835390703 
-0.02481159548444444 1601426767868 -136.7540023272674 0 0.0 -0.15373558394888895 0.18868424024023964 
-0.02481159548444444 1601426767917 -153.37939431170085 0 0.0 -0.15722624239333344 0.042742756462584554 
-0.02481159548444444 1601426767948 -142.1826305166305 0 0.0 -0.14902319504888878 0.07600627258064745 
-0.02481159548444444 1601426767979 -104.16823403777752 0 0.0 -0.13558416003777773 0.3490658444444468 
-0.02481159548444444 1601426768032 -110.29664475958097 0 0.0 -0.12807924438222232 0.19758444025157065 
-0.02481159548444444 1601426768065 -112.06981542565683 0 0.0 -0.12563578347111118 0.15073297828282617 
-0.02481159548444444 1601426768096 -69.03081572845845 0 0.0 -0.10399370111555548 0.3884765043010781 
-0.02481159548444444 1601426768136 -57.02252842249977 0 0.0 -0.09334719285999993 0.4036073826388906 
-0.02481159548444444 1601426768192 -59.29457307071415 0 0.0 -0.07921002615999989 0.22128281210317485 
-0.02481159548444444 1601426768253 149.58546770065556 0 0.0 0.04645367783999991 1.145908776229507 
-0.02481159548444444 1601426768289 308.3839608649997 0 0.0 0.09305396807333327 2.3925554754629608 
-0.02481159548444444 1601426768347 299.3699372698853 0 0.0 0.18887254237333342 1.2277488321839096 
---------------------------------------
Time Duty_cycle X X_dot Theta Theta_dot
-0.02481159548444444 1601426774452 305.7514226214818 0 0.0 0.17281551352888896 1.4770656565843652 
-0.02481159548444444 1601426774488 161.77630619833295 0 0.0 0.1768297707399999 -0.16726071712963278 
-0.02481159548444444 1601426774544 192.01725163265883 0 0.0 0.1834620217844445 0.09505810942460335 
-0.02481159548444444 1601426774575 185.81540118731203 0 0.0 0.1804949621066667 0.059115989784947816 
-0.02481159548444444 1601426774599 184.96736823861133 0 0.0 0.1839856205511112 0.010908307638890502 
-0.02481159548444444 1601426774646 173.32054496340396 0 0.0 0.1768297707399999 -0.03899139751773272 
-0.02481159548444444 1601426774703 138.3865981347367 0 0.0 0.1585038139066666 -0.22352461968811008 
-0.02481159548444444 1601426774745 95.12342986539701 0 0.0 0.13738533031777783 -0.46957667169312006 
-0.02481159548444444 1601426774778 57.43338531070692 0 0.0 0.1157432479622221 -0.6478873627946131 
-0.02481159548444444 1601426774807 43.85975751317975 0 0.0 0.10073341665111102 -0.631929545977014 
-0.02481159548444444 1601426774838 54.983270651828384 0 0.0 0.09095957300666677 -0.3997366928315377 
-0.02481159548444444 1601426774881 34.29725686196373 0 0.0 0.06827029311777769 -0.37747818062015503 
-0.02481159548444444 1601426774912 -17.72376668939085 0 0.0 0.04662821076222222 -0.7150219716845897 
-0.02481159548444444 1601426774931 -65.77099114888905 0 0.0 0.028476786851110998 -1.0471975333333339 
-0.02481159548444444 1601426775014 -25.7756154782061 0 0.0 -0.0003211453155555176 -0.2828274462516731 
-0.02481159548444444 1601426775077 -82.52615168222215 0 0.0 -0.036274927293333335 -0.5139024932098757 
-0.02481159548444444 1601426775122 -93.52172578222225 0 0.0 -0.04692143554888888 -0.517781002592593 
-0.02481159548444444 1601426775165 -73.42202739049117 0 0.0 -0.05442635120444455 -0.21106306873385133 
-0.02481159548444444 1601426775236 -41.50354032948364 0 0.0 -0.04360531002666671 0.023352996635367503 
-0.02481159548444444 1601426775257 -8.349659737777703 0 0.0 -0.039765585737777824 0.3490658444444458 
-0.02481159548444444 1601426775294 -27.35959694198195 0 0.0 -0.036274927293333335 0.09905922612612653 
-0.02481159548444444 1601426775325 12.864535453620189 0 0.0 -0.018298036304444425 0.346250797311829 
-0.02481159548444444 1601426775398 15.9175890369557 0 0.0 -0.003986336682222324 0.22115473021308915 
-0.02481159548444444 1601426775437 51.24662039641005 0 0.0 0.013990554306666585 0.41395628988603855 
-0.02481159548444444 1601426775488 36.75170069294137 0 0.0 0.01765574567333339 0.21217727799564426 
-0.02481159548444444 1601426775539 20.88973805568645 0 0.0 0.01765574567333339 0.03593324869281181 
-0.02481159548444444 1601426775577 9.650196109298001 0 0.0 0.013990554306666585 -0.04822620219298427 
-0.02481159548444444 1601426775598 -16.35324088539701 0 0.0 0.006834704495555535 -0.2576438375661394 
-0.02481159548444444 1601426775625 -14.865555500740387 0 0.0 0.0031695131288889747 -0.20038965144032622 
-0.02481159548444444 1601426775675 -20.357524786666467 0 0.0 -0.007476995126666573 -0.14311699622222104 
-0.02481159548444444 1601426775702 -34.529598071111124 0 0.0 -0.010967653571111062 -0.261799383333334 
-0.02481159548444444 1601426775750 -21.341454135694708 0 0.0 -0.014632844937777868 -0.07454010219907599 
-0.02481159548444444 1601426775826 -22.360519717748392 0 0.0 -0.018123503382222114 -0.0470779592836253 
-0.02481159548444444 1601426775886 -14.632844937777868 0 0.0 -0.014632844937777868 0.0 
-0.02481159548444444 1601426775943 13.73334789497074 0 0.0 -0.0003211453155555176 0.15616103567251396 
-0.02481159548444444 1601426776002 35.82196051005643 0 0.0 0.013990554306666585 0.24257118003766487 
-0.02481159548444444 1601426776041 45.91665346393181 0 0.0 0.021146404117777885 0.2752249927350436 
-0.02481159548444444 1601426776074 48.230740320807925 0 0.0 0.028476786851110998 0.21948837188552142 
-0.02481159548444444 1601426776105 47.67540829555524 0 0.0 0.031967445295555494 0.1745329222222195 
-0.02481159548444444 1601426776164 28.476786851110997 0 0.0 0.028476786851110998 0.0 
-0.02481159548444444 1601426776247 4.244047144015974 0 0.0 0.013990554306666585 -0.10829452402945124 
-0.02481159548444444 1601426776298 -19.160434273071637 0 0.0 0.0031695131288889747 -0.24811052668845127 
-0.02481159548444444 1601426776345 -28.031031818155768 0 0.0 -0.007476995126666573 -0.22837818546099103 
-0.02481159548444444 1601426776383 -51.34446723573116 0 0.0 -0.02178869474888892 -0.3283974720760249 
-0.02481159548444444 1601426776442 -45.31809921254239 0 0.0 -0.028944544559999966 -0.18192838502824915 
-0.02481159548444444 1601426776493 -35.25852968745089 0 0.0 -0.028944544559999966 -0.07015539030501025 
-0.02481159548444444 1601426776553 -28.944544559999965 0 0.0 -0.028944544559999966 0.0 
-0.02481159548444444 1601426776578 1.3543707377780194 0 0.0 -0.018123503382222114 0.21642082355555703 
-0.02481159548444444 1601426776604 10.137404408375776 0 0.0 -0.014632844937777868 0.2752249927350405 
-0.02481159548444444 1601426776641 5.471460859819887 0 0.0 -0.007476995126666573 0.1438717331831829 
-0.02481159548444444 1601426776669 22.679800505873267 0 0.0 -0.0003211453155555176 0.25556606468254206 
-0.02481159548444444 1601426776726 11.88697329672494 0 0.0 0.003344046051111039 0.09492141384015446 
-0.02481159548444444 1601426776765 38.39831219897444 0 0.0 0.01765574567333339 0.23047296139601162 
-0.02481159548444444 1601426776813 31.072964069166844 0 0.0 0.01765574567333339 0.1490802043981495 
-0.02481159548444444 1601426776892 23.4087042741771 0 0.0 0.021320937039999946 0.02319741371307948 
-0.02481159548444444 1601426776941 24.686929111428416 0 0.0 0.021320937039999946 0.03739991190476078 
-0.02481159548444444 1601426777000 14.860260732655506 0 0.0 0.01765574567333339 -0.0310609437853098 
-0.02481159548444444 1601426777033 -4.256069380201673 0 0.0 0.010499895862222339 -0.1639551693602668 
-0.02481159548444444 1601426777081 -17.174480617638867 0 0.0 -0.0003211453155555176 -0.18725928113425944 
-0.02481159548444444 1601426777150 -19.201054467246294 0 0.0 -0.007476995126666573 -0.13026732600644136 
-0.02481159548444444 1601426777206 -32.4289696857935 0 0.0 -0.018123503382222114 -0.15894962559523756 
-0.02481159548444444 1601426777234 -44.78964057031769 0 0.0 -0.02178869474888892 -0.2555660646825418 
-0.02481159548444444 1601426777261 -18.123503382222115 0 0.0 -0.018123503382222114 0.0 
-0.02481159548444444 1601426777296 -13.411114482221937 0 0.0 -0.018123503382222114 0.05235987666666866 
-0.02481159548444444 1601426777332 -2.022841307222256 0 0.0 -0.010967653571111062 0.09938680293209785 
-0.02481159548444444 1601426777371 4.807437475897521 0 0.0 -0.007476995126666573 0.13649369558404548 
-0.02481159548444444 1601426777397 27.637686263504424 0 0.0 0.0031695131288889747 0.2718685903846161 
-0.02481159548444444 1601426777435 23.78276983766066 0 0.0 0.006834704495555535 0.18831183713450136 
-0.02481159548444444 1601426777463 40.93719083404763 0 0.0 0.01765574567333339 0.258682724007936 
-0.02481159548444444 1601426777532 42.591188387342825 0 0.0 0.028476786851110998 0.15682668373590916 
-0.02481159548444444 1601426777589 62.63012394701752 0 0.0 0.042788486473333345 0.22046263859649085 
-0.02481159548444444 1601426777642 68.17150089765201 0 0.0 0.049944336284444404 0.2025240512578623 
-0.02481159548444444 1601426777698 68.91544159813489 0 0.0 0.05727471901777777 0.12934136200396804 
-0.02481159548444444 1601426777743 71.93548448444425 0 0.0 0.060939910384444324 0.12217304555555467 
-0.02481159548444444 1601426777796 50.82029396955965 0 0.0 0.05378406057333327 -0.03293074004192914 
-0.02481159548444444 1601426777850 40.461380843704006 0 0.0 0.04976980336222234 -0.10342691687242586 
-0.02481159548444444 1601426777914 22.8699167247224 0 0.0 0.0356326366622223 -0.14180799930555446 
-0.02481159548444444 1601426777966 -10.460836816196739 0 0.0 0.01748121275111108 -0.3104672174145313 
-0.02481159548444444 1601426777990 -78.27191170305599 0 0.0 -0.003986336682222324 -0.8253952780092629 
-0.02481159548444444 1601426778044 -74.35219315814834 0 0.0 -0.032609735926666786 -0.4638050803497951 
-0.02481159548444444 1601426778107 -77.2901640155553 0 0.0 -0.046746902626666566 -0.33936957098765264 
-0.02481159548444444 1601426778164 -89.76467498280708 0 0.0 -0.06454926069333342 -0.28017126988304075 
-0.02481159548444444 1601426778195 -99.8049109822225 0 0.0 -0.06838898498222229 -0.3490658444444468 
-0.02481159548444444 1601426778232 -65.32286607831827 0 0.0 -0.0648983265377778 -0.004717106006005204 
-0.02481159548444444 1601426778263 -50.41772408759855 0 0.0 -0.06105860224888892 0.11823197956989295 
-0.02481159548444444 1601426778296 -22.40749329131309 0 0.0 -0.04692143554888888 0.27237713619528653 
-0.02481159548444444 1601426778342 23.878223769951926 0 0.0 -0.018123503382222114 0.46668585724637823 
-0.02481159548444444 1601426778370 46.81521032174615 0 0.0 -0.010967653571111062 0.6420318210317468 
-0.02481159548444444 1601426778408 44.396026546432886 0 0.0 0.010499895862222339 0.37662367426900606 
-0.02481159548444444 1601426778444 93.88299945388901 0 0.0 0.0356326366622223 0.6472262532407412 
-0.02481159548444444 1601426778483 80.04455256307682 0 0.0 0.042788486473333345 0.41395628988603855 
-0.02481159548444444 1601426778514 97.24838830093186 0 0.0 0.060765377462222256 0.4053667870967735 
-0.02481159548444444 1601426778571 87.76286474701747 0 0.0 0.0679212272733333 0.22046263859649085 
-0.02481159548444444 1601426778630 92.45345649348407 0 0.0 0.07874226845111117 0.1523465338041433 
-0.02481159548444444 1601426778675 96.54462651777803 0 0.0 0.08223292689555567 0.15901888469135966 
-0.02481159548444444 1601426778691 78.74226845111117 0 0.0 0.07874226845111117 0.0 
-0.02481159548444444 1601426778734 75.08925379994832 0 0.0 0.07874226845111117 -0.04058905167958724 
-0.02481159548444444 1601426778763 51.12995648022972 0 0.0 0.0679212272733333 -0.1865696754789287 
-0.02481159548444444 1601426778819 52.61531332630964 0 0.0 0.06425603590666676 -0.12934136200396792 
-0.02481159548444444 1601426778861 23.45273201857127 0 0.0 0.04645367783999991 -0.25556606468254045 
-0.02481159548444444 1601426778903 -9.858122851270164 0 0.0 0.028476786851110998 -0.4259434411375685 
-0.02481159548444444 1601426778933 -43.86710940999979 0 0.0 0.010325362940000027 -0.6021385816666647 
-0.02481159548444444 1601426778993 -34.13689899611113 0 0.0 -0.007302462204444506 -0.29816040879629585 
-0.02481159548444444 1601426779031 -98.32138114333364 0 0.0 -0.03941651989333345 -0.6544984583333353 
-0.02481159548444444 1601426779062 -95.44721802093207 0 0.0 -0.04325624418222233 -0.5798997093189971 
-0.02481159548444444 1601426779090 -58.52787487666622 0 0.0 -0.046746902626666566 -0.13089969166666274 
-0.02481159548444444 1601426779119 -61.961358743141304 0 0.0 -0.05058662691555544 -0.1263859091953985 
-0.02481159548444444 1601426779166 -54.26295868151288 0 0.0 -0.05058662691555544 -0.04084813073286036 
-0.02481159548444444 1601426779226 -31.344372240555593 0 0.0 -0.03959105281555552 0.09162978416666588 
-0.02481159548444444 1601426779261 31.194513782857154 0 0.0 -0.014807377859999936 0.5111321293650788 
-0.02481159548444444 1601426779310 29.046690270612185 0 0.0 -0.0038118037600000133 0.3650943781179133 
-0.02481159548444444 1601426779350 92.37765299972233 0 0.0 0.0356326366622223 0.630500181527778 
-0.02481159548444444 1601426779405 100.59061698747493 0 0.0 0.05360952765111121 0.5220121037373747 
-0.02481159548444444 1601426779446 133.37958690775082 0 0.0 0.08223292689555567 0.568296222357724 
-0.02481159548444444 1601426779506 135.16003555944417 0 0.0 0.10020981788444433 0.3883357519444426 
-0.02481159548444444 1601426779542 146.6355751955557 0 0.0 0.11085632614000013 0.3975472117283953 
-0.02481159548444444 1601426779584 144.67831313920635 0 0.0 0.12167736731777773 0.25556606468254045 
-0.02481159548444444 1601426779634 138.0485554222221 0 0.0 0.12516802576222222 0.1431169962222209 
-0.02481159548444444 1601426779694 147.33370688444452 0 0.0 0.13633813278444445 0.12217304555555605 
-0.02481159548444444 1601426779742 161.35088220041646 0 0.0 0.14384304843999987 0.19453148622685085 
-0.02481159548444444 1601426779797 150.93543173393923 0 0.0 0.1443666472066666 0.07298649474747393 
-0.02481159548444444 1601426779847 157.43916308111133 0 0.0 0.15099889825111118 0.07155849811111281 
-0.02481159548444444 1601426779883 149.07903610666673 0 0.0 0.14646104227333331 0.02908882037037159 
-0.02481159548444444 1601426779930 134.60023049508266 0 0.0 0.14262131798444444 -0.08912319432624191 
-0.02481159548444444 1601426779981 139.23332596483658 0 0.0 0.14262131798444444 -0.03764435577342061 
-0.02481159548444444 1601426780019 135.75941835812839 0 0.0 0.1394797253844443 -0.04133674473684384 
-0.02481159548444444 1601426780064 115.04511627333312 0 0.0 0.1288332171288888 -0.15320112061728502 
-0.02481159548444444 1601426780086 74.10127938292976 0 0.0 0.11801217595111116 -0.487898850757571 
-0.02481159548444444 1601426780116 65.56503282333372 0 0.0 0.10352594340666676 -0.4217878953703671 
-0.02481159548444444 1601426780160 93.65293332914153 0 0.0 0.10596940431777788 -0.1368496776515149 
-0.02481159548444444 1601426780195 70.41455473365096 0 0.0 0.08903971086222234 -0.20694617920634886 
-0.02481159548444444 1601426780257 69.52298909179198 0 0.0 0.08485092072888885 -0.17031035152329851 
-0.02481159548444444 1601426780289 -5.453504059652673 0 0.0 0.04976980336222234 -0.6135923046875 
-0.02481159548444444 1601426780362 5.010476829041103 0 0.0 0.03545810373999999 -0.338306965677321 
-0.02481159548444444 1601426780418 -66.69975562785712 0 0.0 -0.014807377859999936 -0.5765819751984131 
-0.02481159548444444 1601426780466 -94.05623285652773 0 0.0 -0.03138800547111109 -0.6963136376157404 
-0.02481159548444444 1601426780522 -85.31867843777802 0 0.0 -0.053902752437777875 -0.349065844444446 
-0.02481159548444444 1601426780557 -98.4086476044447 0 0.0 -0.06070953640444455 -0.418879013333335 
-0.02481159548444444 1601426780592 -101.77463967587263 0 0.0 -0.07484670310444433 -0.29919929523809224 
-0.02481159548444444 1601426780627 -86.64014199174578 0 0.0 -0.07205417634888883 -0.1620662849206327 
-0.02481159548444444 1601426780672 -69.26164959333333 0 0.0 -0.07205417634888883 0.031028075061727743 
-0.02481159548444444 1601426780698 -42.50441005572692 0 0.0 -0.06123313517111124 0.20809694572649234 
-0.02481159548444444 1601426780729 -18.568280829175574 0 0.0 -0.05023756107111107 0.35188089157706104 
-0.02481159548444444 1601426780766 -28.741709001741736 0 0.0 -0.04657236970444451 0.19811845225225305 
-0.02481159548444444 1601426780789 24.06793346801921 0 0.0 -0.025104820271111113 0.5463639304347814 
-0.02481159548444444 1601426780834 38.94876218444448 0 0.0 -0.0038118037600000133 0.47511739938271663 
-0.02481159548444444 1601426780880 80.54830477671507 0 0.0 0.028302253928888937 0.5805116760869571 
-0.02481159548444444 1601426780923 127.9889648539534 0 0.0 0.060590844539999945 0.7488680034883717 
-0.02481159548444444 1601426780978 119.6940386561615 0 0.0 0.07856773552888885 0.45695892363636287 
-0.02481159548444444 1601426781014 141.09415491499982 0 0.0 0.09637009359555546 0.496934014660493 
-0.02481159548444444 1601426781073 155.17289745883218 0 0.0 0.12202643316222209 0.3682940477401122 
-0.02481159548444444 1601426781108 177.7523019003176 0 0.0 0.1319748097288889 0.5086388019047637 
-0.02481159548444444 1601426781161 153.33039464607995 0 0.0 0.13895612661777787 0.15971408920335645 
-0.02481159548444444 1601426781205 181.7523924781312 0 0.0 0.15658395176222217 0.2796493412878782 
-0.02481159548444444 1601426781256 186.59334774196054 0 0.0 0.16426340033999992 0.24811052668845124 
-0.02481159548444444 1601426781305 198.10141587288007 0 0.0 0.17822603411777788 0.22083757505669083 
-0.02481159548444444 1601426781353 207.2094075143058 0 0.0 0.1864290814622223 0.23089251168981656 
-0.02481159548444444 1601426781399 189.96527023420265 0 0.0 0.18416015347333325 0.06450129734299324 
-0.02481159548444444 1601426781418 234.04901139906377 0 0.0 0.2005662481622221 0.37203070263157406 
-0.02481159548444444 1601426781443 249.64490589111114 0 0.0 0.2075475650511111 0.4677482315555559 
-0.02481159548444444 1601426781476 215.4174131804045 0 0.0 0.20684943336222233 0.09519977575757974 
-0.02481159548444444 1601426781526 232.75011902000014 0 0.0 0.22081206714000007 0.13264502088888963 
-0.02481159548444444 1601426781584 239.0838585836781 0 0.0 0.22500085727333333 0.15647779233716397 
-0.02481159548444444 1601426781638 253.76970061962973 0 0.0 0.238788958128889 0.16645269434156373 
-0.02481159548444444 1601426781676 302.38783639233924 0 0.0 0.26043104048444443 0.4661866211988307 
-0.02481159548444444 1601426781708 290.86521879694425 0 0.0 0.26043104048444443 0.3381575368055535 
-0.02481159548444444 1601426781738 296.6466218455555 0 0.0 0.27491727302888885 0.2414372090740737 
-0.02481159548444444 1601426781779 301.43350650504095 0 0.0 0.27997872777333344 0.23838643035230558 
---------------------------------------
Time Duty_cycle X X_dot Theta Theta_dot
---------------------------------------
Time Duty_cycle X X_dot Theta Theta_dot
---------------------------------------
Time Duty_cycle X X_dot Theta Theta_dot
-0.02481159548444444 1601426800133 -467.6409778802021 0 0.0 -0.03924198697111115 -4.759988787878789 
-0.02481159548444444 1601426800167 -460.92892702372575 0 0.0 -0.038892921126666764 -4.689288954411767 
-0.02481159548444444 1601426800191 -39.241986971111146 0 0.0 -0.03924198697111115 0.0 
-0.02481159548444444 1601426800232 -31.93714564102946 0 0.0 -0.03557679560444433 0.040440555149054085 
-0.02481159548444444 1601426800274 -9.596323467936276 0 0.0 -0.024930287348888795 0.170377376455028 
-0.02481159548444444 1601426800300 -6.503638445042679 0 0.0 -0.024930287348888795 0.20474054337606798 
-0.02481159548444444 1601426800329 -16.023089938927598 0 0.0 -0.021439628904444542 0.0601837662835216 
-0.02481159548444444 1601426800361 26.72600347506912 0 0.0 -0.0034627379155556387 0.33543045989583065 
-0.02481159548444444 1601426800397 34.71633882055571 0 0.0 0.0035185789733333493 0.3466417760802485 
-0.02481159548444444 1601426800441 24.779862225858906 0 0.0 0.010499895862222339 0.15866629292929518 
-0.02481159548444444 1601426800493 23.378411680811965 0 0.0 0.014165087228888896 0.10237027168803409 
-0.02481159548444444 1601426800580 26.918027304367676 0 0.0 0.021320937039999946 0.0621898918263081 
-0.02481159548444444 1601426800647 20.00021776288566 0 0.0 0.01765574567333339 0.026049689883914144 
-0.02481159548444444 1601426800694 7.3137416650591645 0 0.0 0.014165087228888896 -0.07612606182033034 
-0.02481159548444444 1601426800753 -19.570055907081173 0 0.0 -0.0034627379155556387 -0.17897019990583926 
-0.02481159548444444 1601426800832 -30.2148791204783 0 0.0 -0.01410924617111118 -0.17895147721519028 
-0.02481159548444444 1601426800895 -39.965051934603224 0 0.0 -0.024755754426666728 -0.16899219453262773 
-0.02481159548444444 1601426800936 -51.45077772558259 0 0.0 -0.03191160423777778 -0.21710192764227568 
-0.02481159548444444 1601426800969 -49.920228485252544 0 0.0 -0.03540226268222227 -0.1613107311447808 
-0.02481159548444444 1601426800994 -41.1967556999999 0 0.0 -0.035227729759999965 -0.0663225104444437 
-0.02481159548444444 1601426801038 -28.341612646868644 0 0.0 -0.03191160423777778 0.03966657323232374 
-0.02481159548444444 1601426801076 -12.354731005614218 0 0.0 -0.024755754426666728 0.13778914912280565 
-0.02481159548444444 1601426801104 4.946008944365172 0 0.0 -0.017774437537777743 0.2524494053571435 
-0.02481159548444444 1601426801154 8.737113347777889 0 0.0 -0.007127929282222195 0.1762782514444454 
-0.02481159548444444 1601426801206 15.433807317350338 0 0.0 2.7920528888857044e-05 0.17117651987179425 
-0.02481159548444444 1601426801252 28.089779067053033 0 0.0 0.010674428784444401 0.1935038920289848 
-0.02481159548444444 1601426801276 50.70791781916688 0 0.0 0.01765574567333339 0.3672463571759277 
-0.02481159548444444 1601426801302 29.738794134872023 0 0.0 0.01765574567333339 0.13425609401709596 
-0.02481159548444444 1601426801336 17.65574567333339 0 0.0 0.01765574567333339 0.0 
-0.02481159548444444 1601426801361 7.881902028888806 0 0.0 0.014165087228888896 -0.06981316888888987 
-0.02481159548444444 1601426801426 11.748477536581166 0 0.0 0.014165087228888896 -0.0268512188034192 
-0.02481159548444444 1601426801491 -3.556717181367344 0 0.0 0.0036931118955556633 -0.08055365641025564 
-0.02481159548444444 1601426801577 -23.586789738294613 0 0.0 -0.010618587726666691 -0.14409113346253247 
-0.02481159548444444 1601426801640 -50.761159837777896 0 0.0 -0.028071879948888913 -0.2521031098765443 
-0.02481159548444444 1601426801680 -56.23713027250016 0 0.0 -0.03208613716000008 -0.2683443679166675 
-0.02481159548444444 1601426801718 -44.46419572286521 0 0.0 -0.03557679560444433 -0.09874889020467653 
-0.02481159548444444 1601426801775 -38.02025651555557 0 0.0 -0.03540226268222227 -0.029088820370370045 
-0.02481159548444444 1601426801814 -19.78827894803456 0 0.0 -0.02824641287111123 0.09397926581196299 
-0.02481159548444444 1601426801882 -11.909618018986913 0 0.0 -0.021265095982222232 0.10394975514705909 
-0.02481159548444444 1601426801918 19.6628742788893 0 0.0 -0.006953396359999885 0.29573634043210206 
-0.02481159548444444 1601426801966 26.753274244166697 0 0.0 0.0035185789733333493 0.2581632807870372 
-0.02481159548444444 1601426801994 48.10550728246015 0 0.0 0.014165087228888896 0.377115778373014 
-0.02481159548444444 1601426802035 40.86011052780475 0 0.0 0.021320937039999946 0.21710192764227557 
-0.02481159548444444 1601426802057 57.21918581525266 0 0.0 0.028302253928888937 0.3212992431818191 
-0.02481159548444444 1601426802091 46.05841210437901 0 0.0 0.031967445295555494 0.15656629787581683 
-0.02481159548444444 1601426802139 35.06540466500014 0 0.0 0.031792912373333426 0.0363610254629635 
-0.02481159548444444 1601426802175 23.72076472055574 0 0.0 0.028302253928888937 -0.050905435648146646 
-0.02481159548444444 1601426802241 14.180953858181663 0 0.0 0.021320937039999946 -0.07933314646464759 
-0.02481159548444444 1601426802286 -13.934713248889121 0 0.0 0.007183770339999909 -0.23464981765432255 
-0.02481159548444444 1601426802337 -25.330686405751745 0 0.0 -0.0034627379155556387 -0.2429772054466234 
-0.02481159548444444 1601426802398 -36.186230234498964 0 0.0 -0.017774437537777743 -0.20457547440801355 
-0.02481159548444444 1601426802445 -51.633824448888866 0 0.0 -0.028071879948888913 -0.2617993833333328 
-0.02481159548444444 1601426802496 -44.057042295947596 0 0.0 -0.031737071315555476 -0.13688856644880132 
-0.02481159548444444 1601426802554 -53.487484450421256 0 0.0 -0.04238357957111102 -0.12337672088122491 
-0.02481159548444444 1601426802635 -48.29830637975299 0 0.0 -0.04238357957111102 -0.06571918676268856 
-0.02481159548444444 1601426802682 -35.550801339432894 0 0.0 -0.038892921126666764 0.03713466430259858 
-0.02481159548444444 1601426802744 -5.635954301935428 0 0.0 -0.02109056305999992 0.1717178750896055 
-0.02481159548444444 1601426802801 17.949695858128788 0 0.0 -0.007127929282222195 0.2786402793372331 
-0.02481159548444444 1601426802843 66.76183000428551 0 0.0 0.021320937039999946 0.504898810714284 
-0.02481159548444444 1601426802897 57.82740660481488 0 0.0 0.028302253928888937 0.32805725195473273 
-0.02481159548444444 1601426802942 63.906970062222136 0 0.0 0.04261395355111104 0.23658907234567877 
-0.02481159548444444 1601426802967 87.92270015999998 0 0.0 0.049595270440000026 0.42586033022222175 
-0.02481159548444444 1601426803013 63.33025258009685 0 0.0 0.05308592888444452 0.11382581884058139 
-0.02481159548444444 1601426803058 35.63263666222206 0 0.0 0.04261395355111104 -0.07757018765432205 
-0.02481159548444444 1601426803108 19.59306110999991 0 0.0 0.03545810373999999 -0.1762782514444454 
-0.02481159548444444 1601426803154 -6.7598924679708325 0 0.0 0.01765574567333339 -0.27128486823671355 
-0.02481159548444444 1601426803190 -36.01312790999975 0 0.0 0.0036931118955556633 -0.44118044228394904 
-0.02481159548444444 1601426803260 -23.060291753650784 0 0.0 -0.007127929282222195 -0.17702624968253988 
-0.02481159548444444 1601426803311 -56.0998139292812 0 0.0 -0.028071879948888913 -0.31142148867102537 
-0.02481159548444444 1601426803351 -74.62853695166689 0 0.0 -0.038892921126666764 -0.39706239805555704 
-0.02481159548444444 1601426803385 -53.21488739137274 0 0.0 -0.038892921126666764 -0.1591329584967331 
-0.02481159548444444 1601426803432 -38.892921126666764 0 0.0 -0.038892921126666764 0.0 
-0.02481159548444444 1601426803460 -38.892921126666764 0 0.0 -0.038892921126666764 0.0 
-0.02481159548444444 1601426803500 -24.05762273777768 0 0.0 -0.03191160423777778 0.08726646111111222 
-0.02481159548444444 1601426803523 2.903919551594214 0 0.0 -0.024755754426666728 0.307329710869566 
-0.02481159548444444 1601426803543 2.6895475927777497 0 0.0 -0.021265095982222232 0.26616270638888867 
-0.02481159548444444 1601426803586 -10.468408235452053 0 0.0 -0.017774437537777743 0.08117810335917433 
-0.02481159548444444 1601426803613 26.207858862222015 0 0.0 -0.0034627379155556387 0.32967329753086283 
-0.02481159548444444 1601426803673 19.488341356666673 0 0.0 0.0035185789733333493 0.17744180425925915 
-0.02481159548444444 1601426803716 39.756484312868416 0 0.0 0.01765574567333339 0.24556376266150032 
-0.02481159548444444 1601426803743 41.68311129925896 0 0.0 0.017830278595555454 0.26503147448559455 
-0.02481159548444444 1601426803772 18.101105543831068 0 0.0 0.017830278595555454 0.0030091883141735195 
-0.02481159548444444 1601426803806 25.94092615764707 0 0.0 0.021320937039999946 0.051333212418301376 
-0.02481159548444444 1601426803839 17.830278595555452 0 0.0 0.017830278595555454 0.0 
-0.02481159548444444 1601426803889 14.357073443333487 0 0.0 0.01765574567333339 -0.03665191366666558 
-0.02481159548444444 1601426803949 5.307541426111112 0 0.0 0.010674428784444401 -0.05963208175925877 
-0.02481159548444444 1601426804023 -10.691702869759844 0 0.0 2.7920528888857044e-05 -0.11910692665165223 
-0.02481159548444444 1601426804062 -42.70579419675224 0 0.0 -0.01410924617111118 -0.3177394225071229 
-0.02481159548444444 1601426804126 -35.939496833437346 0 0.0 -0.02109056305999992 -0.16498815303819359 
-0.02481159548444444 1601426804161 -46.02383766317457 0 0.0 -0.028071879948888913 -0.19946619682539618 
-0.02481159548444444 1601426804191 -48.14316600444458 0 0.0 -0.03191160423777778 -0.18035068629629777 
-0.02481159548444444 1601426804244 -34.84902624951765 0 0.0 -0.031737071315555476 -0.03457727704402412 
-0.02481159548444444 1601426804291 -24.73718709451559 0 0.0 -0.02824641287111123 0.03899139751772932 
-0.02481159548444444 1601426804326 -7.402195302857077 0 0.0 -0.02109056305999992 0.15209297507936495 
-0.02481159548444444 1601426804373 -0.5736610328132574 0 0.0 -0.01410924617111118 0.15039539042553246 
-0.02481159548444444 1601426804434 15.607129733806808 0 0.0 2.7920528888857044e-05 0.17310232449908836 
-0.02481159548444444 1601426804473 46.78931807504282 0 0.0 0.014165087228888896 0.3624914538461548 
-0.02481159548444444 1601426804564 42.284067148669195 0 0.0 0.028302253928888937 0.15535348021978065 
-0.02481159548444444 1601426804617 53.537080023018845 0 0.0 0.03545810373999999 0.20087751425576503 
-0.02481159548444444 1601426804668 48.34274005699349 0 0.0 0.038948762184444485 0.10437753191721123 
-0.02481159548444444 1601426804713 28.476786851111 0 0.0 0.031967445295555494 -0.03878509382716103 
-0.02481159548444444 1601426804738 -10.409148220000215 0 0.0 0.021320937039999946 -0.3525565028888907 
-0.02481159548444444 1601426804786 -9.625931731527494 0 0.0 0.010499895862222339 -0.22362030659722035 
-0.02481159548444444 1601426804831 -7.302462204444257 0 0.0 0.007009237417777845 -0.1590188846913567 
-0.02481159548444444 1601426804882 -22.68189264496738 0 0.0 -0.007127929282222195 -0.17282181514161316 
-0.02481159548444444 1601426804922 -45.65607186277778 0 0.0 -0.017774437537777743 -0.3097959369444448 
-0.02481159548444444 1601426804985 -31.36307219650797 0 0.0 -0.021265095982222232 -0.112199735714286 
-0.02481159548444444 1601426805026 -32.418175402276596 0 0.0 -0.024755754426666728 -0.08513801084010965 
-0.02481159548444444 1601426805067 -28.586964914471654 0 0.0 -0.024755754426666728 -0.04256900542005474 
-0.02481159548444444 1601426805106 -17.23741316170936 0 0.0 -0.021265095982222232 0.044752031339031904 
-0.02481159548444444 1601426805201 -9.066163313216446 0 0.0 -0.01410924617111118 0.05603425397660815 
-0.02481159548444444 1601426805289 16.192049121060638 0 0.0 0.0035185789733333493 0.14081633497474766 
-0.02481159548444444 1601426805332 72.68638194051698 0 0.0 0.028302253928888937 0.49315697790697816 
-0.02481159548444444 1601426805385 62.576568164528275 0 0.0 0.03545810373999999 0.3013162713836476 
-0.02481159548444444 1601426805414 64.82176330973155 0 0.0 0.04261395355111104 0.24675344176245 
-0.02481159548444444 1601426805434 70.05925557055551 0 0.0 0.04610461199555553 0.26616270638888867 
-0.02481159548444444 1601426805457 63.25436870086979 0 0.0 0.049595270440000026 0.1517677584541085 
-0.02481159548444444 1601426805479 46.10461199555553 0 0.0 0.04610461199555553 0.0 
-0.02481159548444444 1601426805520 42.2734015077506 0 0.0 0.04610461199555553 -0.042569005420054824 
-0.02481159548444444 1601426805553 29.603317530908832 0 0.0 0.039123295106666546 -0.10577752861953017 
-0.02481159548444444 1601426805577 5.460257733055421 0 0.0 0.031967445295555494 -0.2945243062500008 
-0.02481159548444444 1601426805632 6.755371349090915 0 0.0 0.021320937039999946 -0.16183961878787814 
-0.02481159548444444 1601426805676 -18.16316995545467 0 0.0 0.007183770339999909 -0.2816326699494953 
-0.02481159548444444 1601426805708 -38.31478082180568 0 0.0 -0.0034627379155556387 -0.387244921180556 
-0.02481159548444444 1601426805768 -42.60174572388884 0 0.0 -0.021265095982222232 -0.23707388601851784 
-0.02481159548444444 1601426805817 -58.372932384489886 0 0.0 -0.03208613716000008 -0.29207550249433106 
-0.02481159548444444 1601426805838 -77.76389623301598 0 0.0 -0.03924198697111115 -0.42802121402116483 
-0.02481159548444444 1601426805877 -54.265243891623605 0 0.0 -0.04238357957111102 -0.1320184924501399 
-0.02481159548444444 1601426805902 -48.0384462511108 0 0.0 -0.04238357957111102 -0.06283185199999763 
-0.02481159548444444 1601426805940 -42.383579571111014 0 0.0 -0.04238357957111102 0.0 
-0.02481159548444444 1601426805997 -30.203018788654827 0 0.0 -0.03557679560444433 0.05970863128655001 
-0.02481159548444444 1601426806041 -6.727296892575989 0 0.0 -0.024755754426666728 0.20031619482323043 
-0.02481159548444444 1601426806067 23.04612784811927 0 0.0 -0.01410924617111118 0.4128374891025606 
-0.02481159548444444 1601426806104 22.434174057417316 0 0.0 -0.0034627379155556387 0.28774346636636616 
-0.02481159548444444 1601426806138 34.96017157954272 0 0.0 0.007009237417777845 0.3105659351307208 
-0.02481159548444444 1601426806182 32.193544762979904 0 0.0 0.014165087228888896 0.2003161948232334 
-0.02481159548444444 1601426806267 39.57502737594775 0 0.0 0.028302253928888937 0.12525303830065346 
-0.02481159548444444 1601426806319 40.536340496196665 0 0.0 0.028302253928888937 0.1359342951923081 
-0.02481159548444444 1601426806396 17.2409466503895 0 0.0 0.021320937039999946 -0.04533322655122719 
-0.02481159548444444 1601426806420 -42.95081156833337 0 0.0 0.0035185789733333493 -0.5163265615740746 
-0.02481159548444444 1601426806493 -18.740345764870725 0 0.0 -0.0034627379155556387 -0.1697511983257232 
-0.02481159548444444 1601426806520 -90.49648846370351 0 0.0 -0.031737071315555476 -0.6528824127572005 
-0.02481159548444444 1601426806549 -121.03774372704991 0 0.0 -0.04953942938222231 -0.7944257149425289 
-0.02481159548444444 1601426806589 -92.5617947099999 0 0.0 -0.06036047055999993 -0.3577924905555554 
-0.02481159548444444 1601426806636 -125.04162884226942 0 0.0 -0.08811120519333332 -0.41033804054373446 
-0.02481159548444444 1601426806681 -131.5699028266668 0 0.0 -0.09596518669333337 -0.3956079570370382 
-0.02481159548444444 1601426806718 -120.21582867021004 0 0.0 -0.10259743773777771 -0.1957598992492482 
-0.02481159548444444 1601426806764 -122.89637543101456 0 0.0 -0.10957875462666672 -0.14797356449275378 
-0.02481159548444444 1601426806798 -126.92938042405257 0 0.0 -0.11306941307111118 -0.15399963725490431 
-0.02481159548444444 1601426806850 -122.60159574632456 0 0.0 -0.11656007151555545 -0.06712804700854573 
-0.02481159548444444 1601426806877 -113.06941307111119 0 0.0 -0.11306941307111118 0.0 
-0.02481159548444444 1601426806918 -109.23820258330647 0 0.0 -0.11306941307111118 0.04256900542005237 
-0.02481159548444444 1601426806984 -101.32810739434335 0 0.0 -0.1060880961822222 0.05288876430976498 
-0.02481159548444444 1601426807012 -49.36489645999992 0 0.0 -0.08863480396000001 0.43633230555555663 
-0.02481159548444444 1601426807045 -38.02025651555533 0 0.0 -0.07729016401555547 0.43633230555555697 
-0.02481159548444444 1601426807075 -44.56524109888866 0 0.0 -0.07100697881555545 0.2937970857407421 
-0.02481159548444444 1601426807119 -35.27929630520197 0 0.0 -0.056520746271111054 0.23601611073232315 
-0.02481159548444444 1601426807157 -15.730565159123145 0 0.0 -0.04569970509333344 0.33299044371344766 
-0.02481159548444444 1601426807204 -1.175242594515666 0 0.0 -0.02824641287111123 0.3007907808510618 
-0.02481159548444444 1601426807224 91.5704382344444 0 0.0 -0.0034627379155556387 1.0559241794444447 
-0.02481159548444444 1601426807253 52.809083559540476 0 0.0 0.0035185789733333493 0.5476722731800792 
-0.02481159548444444 1601426807305 62.302609738718196 0 0.0 0.031792912373333426 0.3389966373931641 
-0.02481159548444444 1601426807361 182.3150911526982 0 0.0 0.10265327879555544 0.8851312484126973 
-0.02481159548444444 1601426807399 310.08106388502927 0 0.0 0.15920194559555562 1.6764346476608183 
-0.02481159548444444 1601426807436 298.76224388924936 0 0.0 0.19114147036222223 1.195786372522524 
-0.02481159548444444 1601426807478 275.6154047177778 0 0.0 0.21540154655111116 0.6690428685185182 
-0.02481159548444444 1601426807518 320.20856634555577 0 0.0 0.25187892729555567 0.7592182116666679 
-0.02481159548444444 1601426807547 380.18469863540247 0 0.0 0.27997872777333344 1.1133996762452116 
---------------------------------------
Time Duty_cycle X X_dot Theta Theta_dot
-0.02481159548444444 1601426813691 -298.51064293222254 0 0.0 -0.06262939854888899 -2.6209027153703723 
-0.02481159548444444 1601426813742 -364.9306864802617 0 0.0 -0.06262939854888899 -3.3589031992374743 
-0.02481159548444444 1601426813784 -47.44503431555559 0 0.0 -0.05529901581555562 0.08726646111111146 
-0.02481159548444444 1601426813808 -32.02068731416679 0 0.0 -0.05198289029333344 0.2218022553240739 
-0.02481159548444444 1601426813836 -27.542047863571515 0 0.0 -0.044652507560000075 0.1901162188492062 
-0.02481159548444444 1601426813861 -0.6702111599995746 0 0.0 -0.033656933459999906 0.36651913666667035 
-0.02481159548444444 1601426813895 -1.6660754809150156 0 0.0 -0.026152017804444483 0.2720660258169941 
-0.02481159548444444 1601426813935 5.656607270555211 0 0.0 -0.015156443704444557 0.23125612194444187 
-0.02481159548444444 1601426813966 27.333877715268795 0 0.0 -0.0043354025266666985 0.35188089157706104 
-0.02481159548444444 1601426813995 31.1609828273565 0 0.0 0.002994980206666664 0.3129555846743315 
-0.02481159548444444 1601426814046 22.932799909934555 0 0.0 0.010150830017777716 0.14202188769063154 
-0.02481159548444444 1601426814092 38.90323185690843 0 0.0 0.021146404117777885 0.19729808599033935 
-0.02481159548444444 1601426814111 10.150830017777716 0 0.0 0.010150830017777716 0.0 
-0.02481159548444444 1601426814154 -1.356166133385253 0 0.0 0.010150830017777716 -0.12785551279069965 
-0.02481159548444444 1601426814179 0.37698637333312845 0 0.0 0.006660171573333221 -0.06981316888888991 
-0.02481159548444444 1601426814206 -18.705279789629238 0 0.0 -0.0006702111599998922 -0.20038965144032608 
-0.02481159548444444 1601426814247 -31.779640320975613 0 0.0 -0.011665785260000061 -0.2234872784552839 
-0.02481159548444444 1601426814291 -29.97190880671752 0 0.0 -0.015156443704444557 -0.16461627891414402 
-0.02481159548444444 1601426814316 -42.45339273999981 0 0.0 -0.02266135935999998 -0.2199114819999981 
-0.02481159548444444 1601426814338 -38.543855282222225 0 0.0 -0.02283589228222229 -0.17453292222222155 
-0.02481159548444444 1601426814361 -22.66135935999998 0 0.0 -0.02266135935999998 0.0 
-0.02481159548444444 1601426814396 -14.05937962190487 0 0.0 -0.018996167993333424 0.054853204126983905 
-0.02481159548444444 1601426814423 -3.1136720711110115 0 0.0 -0.015330976626666618 0.13574782839506228 
-0.02481159548444444 1601426814474 -12.096984244313553 0 0.0 -0.015330976626666618 0.03593324869281183 
-0.02481159548444444 1601426814522 5.972948192083226 0 0.0 -0.0043354025266666985 0.1145372302083325 
-0.02481159548444444 1601426814575 25.009179924696056 0 0.0 0.0064856386511111565 0.20581712526205445 
-0.02481159548444444 1601426814607 30.522094533402687 0 0.0 0.010150830017777716 0.22634738350694408 
-0.02481159548444444 1601426814638 33.44252999304645 0 0.0 0.01748121275111108 0.1773479693548374 
-0.02481159548444444 1601426814675 26.396543102462466 0 0.0 0.01748121275111108 0.09905922612612653 
-0.02481159548444444 1601426814708 8.818033157171945 0 0.0 0.01381602138444452 -0.055533202525250853 
-0.02481159548444444 1601426814757 3.7536641338776313 0 0.0 0.010325362940000027 -0.07301887562358217 
-0.02481159548444444 1601426814796 -17.38509486512806 0 0.0 -0.0006702111599998922 -0.18572093005697968 
-0.02481159548444444 1601426814843 -25.20508386472832 0 0.0 -0.007826060971111194 -0.19310025437352363 
-0.02481159548444444 1601426814884 -39.11002305430925 0 0.0 -0.018996167993333424 -0.22348727845528704 
-0.02481159548444444 1601426814907 -40.85072521072473 0 0.0 -0.018996167993333424 -0.24282841352657006 
-0.02481159548444444 1601426814927 -30.908039934999735 0 0.0 -0.02266135935999998 -0.09162978416666391 
-0.02481159548444444 1601426814980 -25.45059304155108 0 0.0 -0.02248682643777767 -0.03293074004192678 
-0.02481159548444444 1601426815023 -15.160502609612621 0 0.0 -0.018996167993333424 0.04261850426356445 
-0.02481159548444444 1601426815050 6.8347044955554725 0 0.0 -0.01149125233777775 0.20362174259259136 
-0.02481159548444444 1601426815107 0.6801225014037087 0 0.0 -0.008000593893333255 0.09645240438596626 
-0.02481159548444444 1601426815135 -1.9355748461113498 0 0.0 -0.007826060971111194 0.0654498458333316 
-0.02481159548444444 1601426815175 7.576469415000133 0 0.0 -0.0006702111599998922 0.09162978416666695 
-0.02481159548444444 1601426815208 17.750945449091017 0 0.0 0.002994980206666664 0.16395516936027058 
-0.02481159548444444 1601426815238 17.219413367777726 0 0.0 0.0064856386511111565 0.11926416351851743 
-0.02481159548444444 1601426815263 12.76882385111125 0 0.0 0.0064856386511111565 0.06981316888888991 
-0.02481159548444444 1601426815296 6.485638651111157 0 0.0 0.0064856386511111565 0.0 
-0.02481159548444444 1601426815320 6.485638651111157 0 0.0 0.0064856386511111565 0.0 
-0.02481159548444444 1601426815349 6.485638651111157 0 0.0 0.0064856386511111565 0.0 
-0.02481159548444444 1601426815380 -2.0721046320430876 0 0.0 0.002994980206666664 -0.05630094265233058 
-0.02481159548444444 1601426815454 -11.19643321240262 0 0.0 -0.004509935448889009 -0.07429441959459569 
-0.02481159548444444 1601426815483 -25.062691634712436 0 0.0 -0.008000593893333255 -0.18957886379310204 
-0.02481159548444444 1601426815522 -27.816793370256164 0 0.0 -0.015330976626666618 -0.13873129715099497 
-0.02481159548444444 1601426815585 -26.850149493333543 0 0.0 -0.018996167993333424 -0.08726646111111246 
-0.02481159548444444 1601426815617 -15.330976626666617 0 0.0 -0.015330976626666618 0.0 
-0.02481159548444444 1601426815656 -11.477826728376055 0 0.0 -0.015505509548888928 0.044752031339031904 
-0.02481159548444444 1601426815680 -5.295333598888713 0 0.0 -0.011840318182222129 0.07272205092592685 
-0.02481159548444444 1601426815708 4.060877695952659 0 0.0 -0.008000593893333255 0.1340163509920657 
-0.02481159548444444 1601426815733 19.435981480000134 0 0.0 -0.0006702111599998922 0.22340214044444473 
-0.02481159548444444 1601426815758 22.787013586666518 0 0.0 0.002994980206666664 0.21991148199999838 
-0.02481159548444444 1601426815798 7.11832049416654 0 0.0 0.002994980206666664 0.045814892083331955 
-0.02481159548444444 1601426815858 15.823149990000049 0 0.0 0.010325362940000027 0.06108652277777803 
-0.02481159548444444 1601426815912 29.55307320481476 0 0.0 0.01748121275111108 0.13413178281892976 
-0.02481159548444444 1601426815957 17.306679828889017 0 0.0 0.01381602138444452 0.03878509382716107 
-0.02481159548444444 1601426815988 17.48121275111108 0 0.0 0.01748121275111108 0.0 
-0.02481159548444444 1601426816027 13.816021384444522 0 0.0 0.01381602138444452 0.0 
-0.02481159548444444 1601426816071 -4.759834860252405 0 0.0 0.0064856386511111565 -0.12494970568181735 
-0.02481159548444444 1601426816105 -19.843165998235143 0 0.0 -0.0006702111599998922 -0.21303283153594726 
-0.02481159548444444 1601426816156 -20.782563785490083 0 0.0 -0.008000593893333255 -0.14202188769063145 
-0.02481159548444444 1601426816176 -24.493955043333322 0 0.0 -0.008000593893333255 -0.18325956833333407 
-0.02481159548444444 1601426816207 -16.986224340645425 0 0.0 -0.011665785260000061 -0.05911598978494849 
-0.02481159548444444 1601426816258 -21.798961391372526 0 0.0 -0.015330976626666618 -0.0718664973856212 
-0.02481159548444444 1601426816294 -11.27308618499987 0 0.0 -0.01149125233777775 0.0024240683641986605 
-0.02481159548444444 1601426816334 -7.542444972500169 0 0.0 -0.011665785260000061 0.04581489208333213 
-0.02481159548444444 1601426816360 -1.482460528803716 0 0.0 -0.007826060971111194 0.07048444935897198 
-0.02481159548444444 1601426816417 1.4517417364912246 0 0.0 -0.0043354025266666985 0.06430160292397692 
-0.02481159548444444 1601426816459 21.81960253206367 0 0.0 0.0064856386511111565 0.17037737645502793 
-0.02481159548444444 1601426816494 20.797338273333118 0 0.0 0.006660171573333221 0.15707962999999883 
-0.02481159548444444 1601426816529 14.863218917777584 0 0.0 0.010150830017777716 0.05235987666666519 
-0.02481159548444444 1601426816554 26.696551044444867 0 0.0 0.01381602138444452 0.14311699622222604 
-0.02481159548444444 1601426816589 26.905990551111117 0 0.0 0.01748121275111108 0.10471975333333375 
-0.02481159548444444 1601426816619 22.978999801110916 0 0.0 0.01748121275111108 0.061086522777775945 
-0.02481159548444444 1601426816671 10.644221163290771 0 0.0 0.01381602138444452 -0.03524222467948612 
-0.02481159548444444 1601426816734 11.198027551111265 0 0.0 0.01381602138444452 -0.02908882037036952 
-0.02481159548444444 1601426816786 -13.206373938846019 0 0.0 -0.0006702111599998922 -0.13929069754273474 
-0.02481159548444444 1601426816846 -24.36305535166659 0 0.0 -0.008000593893333255 -0.18180512731481482 
-0.02481159548444444 1601426816886 -39.241986971111245 0 0.0 -0.018821635071111113 -0.22689279888889036 
-0.02481159548444444 1601426816913 -47.09596847111119 0 0.0 -0.02266135935999998 -0.27149565679012455 
-0.02481159548444444 1601426816953 -34.02781591972209 0 0.0 -0.025977484882222165 -0.08944812263888806 
-0.02481159548444444 1601426816976 -43.30177450975874 0 0.0 -0.02964267624888897 -0.1517677584541085 
-0.02481159548444444 1601426817033 -26.289806953567364 0 0.0 -0.026152017804444483 -0.001530990545809802 
-0.02481159548444444 1601426817055 -8.381392996363408 0 0.0 -0.02266135935999998 0.15866629292929527 
-0.02481159548444444 1601426817096 -11.508279939945623 0 0.0 -0.01917070091555549 0.08513801084010965 
-0.02481159548444444 1601426817135 9.291591016068185 0 0.0 -0.007826060971111194 0.19019613319088197 
-0.02481159548444444 1601426817173 29.243813114561313 0 0.0 0.002994980206666664 0.2916536989766072 
-0.02481159548444444 1601426817202 47.39856297065167 0 0.0 0.01381602138444452 0.37313935095785716 
-0.02481159548444444 1601426817234 46.67184399277804 0 0.0 0.021146404117777885 0.28361599861111275 
-0.02481159548444444 1601426817261 33.36370867333349 0 0.0 0.021146404117777885 0.1357478283950623 
-0.02481159548444444 1601426817377 21.146404117777884 0 0.0 0.021146404117777885 0.0 
-0.02481159548444444 1601426817423 21.146404117777884 0 0.0 0.021146404117777885 0.0 
-0.02481159548444444 1601426817454 -5.81048722415801 0 0.0 0.010150830017777716 -0.1773479693548414 
-0.02481159548444444 1601426817483 -16.263825004061346 0 0.0 0.0064856386511111565 -0.2527718183908056 
-0.02481159548444444 1601426817515 -24.706667042291667 0 0.0 -0.0043354025266666985 -0.22634738350694408 
-0.02481159548444444 1601426817559 -22.816058995605946 0 0.0 -0.008000593893333255 -0.16461627891414102 
-0.02481159548444444 1601426817611 -18.009385702307778 0 0.0 -0.011665785260000061 -0.07048444935897465 
-0.02481159548444444 1601426817671 -20.82876367666664 0 0.0 -0.015330976626666618 -0.06108652277777803 
-0.02481159548444444 1601426817705 -11.66578526000006 0 0.0 -0.011665785260000061 0.0 
-0.02481159548444444 1601426817746 0.044948131057021 0 0.0 -0.008000593893333255 0.08939491138211418 
-0.02481159548444444 1601426817777 6.305475634623669 0 0.0 -0.0043354025266666985 0.11823197956989295 
-0.02481159548444444 1601426817812 8.754566640000144 0 0.0 -0.0006702111599998922 0.10471975333333375 
-0.02481159548444444 1601426817835 17.337033380579765 0 0.0 0.002994980206666664 0.15935614637681222 
-0.02481159548444444 1601426817898 11.596959944761903 0 0.0 0.0064856386511111565 0.05679245881834163 
-0.02481159548444444 1601426817946 9.758130942777871 0 0.0 0.0064856386511111565 0.0363610254629635 
-0.02481159548444444 1601426817994 -7.378820357916505 0 0.0 -0.0006702111599998922 -0.07454010219907346 
-0.02481159548444444 1601426818030 -26.108384573888763 0 0.0 -0.008000593893333255 -0.20119767422839457 
-0.02481159548444444 1601426818075 -29.991742093333343 0 0.0 -0.015330976626666618 -0.16289739407407472 
-0.02481159548444444 1601426818124 -42.821692824852754 0 0.0 -0.026152017804444483 -0.18521861133786965 
-0.02481159548444444 1601426818169 -44.30344171555545 0 0.0 -0.029817209171111032 -0.1609581393827158 
-0.02481159548444444 1601426818214 -33.48240053777757 0 0.0 -0.029817209171111032 -0.04072434851851714 
-0.02481159548444444 1601426818259 -22.13776059333329 0 0.0 -0.025977484882222165 0.042663603209876375 
-0.02481159548444444 1601426818298 -6.5103512497438825 0 0.0 -0.018996167993333424 0.1387312971509949 
-0.02481159548444444 1601426818319 7.482969635238129 0 0.0 -0.015330976626666618 0.2534882917989416 
-0.02481159548444444 1601426818352 15.656550382424292 0 0.0 -0.0043354025266666985 0.222132810101011 
-0.02481159548444444 1601426818391 0.8334570929912184 0 0.0 -0.007826060971111194 0.09621686737891569 
-0.02481159548444444 1601426818418 5.438441117778118 0 0.0 -0.0006702111599998922 0.06787391419753346 
-0.02481159548444444 1601426818463 13.816021384444523 0 0.0 0.002994980206666664 0.12023379086419843 
-0.02481159548444444 1601426818502 7.224047168204999 0 0.0 0.002994980206666664 0.046989632905981495 
-0.02481159548444444 1601426818544 2.994980206666664 0 0.0 0.002994980206666664 0.0 
-0.02481159548444444 1601426818581 -5.127876335675435 0 0.0 -0.0006702111599998922 -0.04952961306306158 
-0.02481159548444444 1601426818614 -22.994558575151324 0 0.0 -0.008000593893333255 -0.16659960757575634 
-0.02481159548444444 1601426818656 -31.03893962666668 0 0.0 -0.015330976626666618 -0.1745329222222229 
-0.02481159548444444 1601426818696 -39.15472051000005 0 0.0 -0.02266135935999998 -0.18325956833333407 
-0.02481159548444444 1601426818765 -39.264752134879124 0 0.0 -0.029817209171111032 -0.10497269959742324 
-0.02481159548444444 1601426818818 -42.67007700947603 0 0.0 -0.03348240053777784 -0.10208529412997987 
-0.02481159548444444 1601426818886 -29.81720917111103 0 0.0 -0.029817209171111032 0.0 
-0.02481159548444444 1601426818931 -11.4912523377775 0 0.0 -0.02248682643777767 0.12217304555555744 
-0.02481159548444444 1601426818986 -14.267912464040492 0 0.0 -0.021265095982222232 0.07774648353535267 
-0.02481159548444444 1601426819038 17.883981033162335 0 0.0 -0.0008447440822222062 0.2080969457264949 
-0.02481159548444444 1601426819090 51.0116722318803 0 0.0 0.01748121275111108 0.3725606608974358 
-0.02481159548444444 1601426819127 80.38382134120098 0 0.0 0.03580716958444436 0.49529613063062927 
-0.02481159548444444 1601426819162 76.1242746177777 0 0.0 0.04313755231777773 0.3665191366666664 
-0.02481159548444444 1601426819202 58.80188208722231 0 0.0 0.04662821076222222 0.13526301472222324 
-0.02481159548444444 1601426819233 43.13755231777773 0 0.0 0.04313755231777773 0.0 
-0.02481159548444444 1601426819266 38.37756352989887 0 0.0 0.04313755231777773 -0.052888764309765086 
-0.02481159548444444 1601426819301 34.759972051111305 0 0.0 0.03947236095111117 -0.05235987666666519 
-0.02481159548444444 1601426819331 15.648617067777927 0 0.0 0.032141978217777804 -0.18325956833333198 
-0.02481159548444444 1601426819375 2.403948265505207 0 0.0 0.021146404117777885 -0.2082495094696964 
-0.02481159548444444 1601426819419 -27.167482079192133 0 0.0 0.0028204472844443537 -0.3331992151515165 
-0.02481159548444444 1601426819444 -91.2527977933338 0 0.0 -0.018996167993333424 -0.8028514422222263 
-0.02481159548444444 1601426819483 -75.74621893435867 0 0.0 -0.033656933459999906 -0.4676587274928751 
-0.02481159548444444 1601426819530 -62.725948676075774 0 0.0 -0.04133638203777789 -0.23766185153664318 
-0.02481159548444444 1601426819571 -95.52672593750708 0 0.0 -0.06315299731555565 -0.3597080957994602 
-0.02481159548444444 1601426819608 -105.15882629903885 0 0.0 -0.07013431420444441 -0.3891612454954938 
-0.02481159548444444 1601426819645 -86.74796155759765 0 0.0 -0.0737995055711112 -0.14387173318318272 
-0.02481159548444444 1601426819679 -79.46155890084982 0 0.0 -0.07414857141555559 -0.05903319428104713 
-0.02481159548444444 1601426819709 -73.7995055711112 0 0.0 -0.0737995055711112 0.0 
-0.02481159548444444 1601426819750 -65.72842214346869 0 0.0 -0.07013431420444441 0.048954356233063476 
-0.02481159548444444 1601426819809 -48.26445159446301 0 0.0 -0.05931327302666655 0.12276468258003936 
-0.02481159548444444 1601426819848 8.432352014359147 0 0.0 -0.033656933459999906 0.46765872749287835 
-0.02481159548444444 1601426819900 22.730626027179476 0 0.0 -0.015330976626666618 0.42290669615384546 
-0.02481159548444444 1601426819948 44.45745754208302 0 0.0 0.006660171573333221 0.41996984409722 
-0.02481159548444444 1601426820015 64.02679863568824 0 0.0 0.032141978217777804 0.354275782421227 
-0.02481159548444444 1601426820098 68.29762959957168 0 0.0 0.04662821076222222 0.24077132041499397 
-0.02481159548444444 1601426820153 65.14456714707048 0 0.0 0.050293402128888776 0.16501294464646338 
-0.02481159548444444 1601426820234 29.795480041234438 0 0.0 0.03580716958444436 -0.06679655048011024 
-0.02481159548444444 1601426820270 -40.02738512111111 0 0.0 0.010150830017777716 -0.5575357237654314 
-0.02481159548444444 1601426820288 -91.86366302111053 0 0.0 -0.0006702111599998922 -1.0132605762345626 
-0.02481159548444444 1601426820331 -49.49884033054276 0 0.0 -0.018996167993333424 -0.3389185815245482 
-0.02481159548444444 1601426820382 -82.47481846980409 0 0.0 -0.04412890879333337 -0.42606566307189697 
-0.02481159548444444 1601426820422 -126.92296377249995 0 0.0 -0.06978524836000002 -0.6348635045833325 
-0.02481159548444444 1601426820485 -119.82633048857151 0 0.0 -0.08828573811555562 -0.35045102636684333 
-0.02481159548444444 1601426820520 -135.60909331238062 0 0.0 -0.09858318052666654 -0.41139903095237873 
-0.02481159548444444 1601426820575 -120.33632928727249 0 0.0 -0.1059135632599999 -0.16025295585858432 
-0.02481159548444444 1601426820631 -124.71013565146849 0 0.0 -0.11306941307111118 -0.12934136200397003 
-0.02481159548444444 1601426820662 -130.73101878114673 0 0.0 -0.11603647274888876 -0.16327273369175535 
-0.02481159548444444 1601426820702 -120.48706226555528 0 0.0 -0.11656007151555545 -0.04363323055555368 
-0.02481159548444444 1601426820754 -104.6414867691881 0 0.0 -0.1099278204711111 0.05873704113247771 
-0.02481159548444444 1601426820785 -82.75698554709709 0 0.0 -0.10277197066000004 0.22238872347669958 
-0.02481159548444444 1601426820825 -86.93310796833313 0 0.0 -0.09910677929333325 0.1352630147222235 
-0.02481159548444444 1601426820871 -73.07860871845415 0 0.0 -0.08776213934888893 0.16315034033816425 
-0.02481159548444444 1601426820935 -49.16854692250012 0 0.0 -0.06978524836000002 0.22907446041666563 
-0.02481159548444444 1601426820970 3.5933787971430533 0 0.0 -0.04779410015999994 0.5709719884126999 
-0.02481159548444444 1601426820991 44.857948265396985 0 0.0 -0.03330786761555552 0.8685090653439168 
-0.02481159548444444 1601426821031 5.983856499722389 0 0.0 -0.02248682643777767 0.31634092152777843 
-0.02481159548444444 1601426821072 27.463644522113707 0 0.0 -0.0043354025266666985 0.35332274498644894 
-0.02481159548444444 1601426821108 51.34059966222216 0 0.0 0.010325362940000027 0.4557248524691348 
-0.02481159548444444 1601426821160 43.1979675600857 0 0.0 0.021146404117777885 0.24501737158119793 
-0.02481159548444444 1601426821197 66.79855604390369 0 0.0 0.03580716958444436 0.34434873843843694 
-0.02481159548444444 1601426821228 66.07455635433689 0 0.0 0.03947236095111117 0.29557994892473033 
-0.02481159548444444 1601426821260 53.445903036527774 0 0.0 0.04313755231777773 0.11453723020833378 
-0.02481159548444444 1601426821295 39.07342855746018 0 0.0 0.039297828028888857 -0.002493327460318622 
-0.02481159548444444 1601426821335 27.560489009444318 0 0.0 0.03580716958444436 -0.09162978416666712 
-0.02481159548444444 1601426821412 4.7312427835786135 0 0.0 0.01748121275111108 -0.14166633297258296 
-0.02481159548444444 1601426821448 -54.51361766555552 0 0.0 -0.0043354025266666985 -0.5575357237654314 
-0.02481159548444444 1601426821518 -60.22333754968239 0 0.0 -0.029817209171111032 -0.3378458708730151 
-0.02481159548444444 1601426821588 -129.63757404492077 0 0.0 -0.08060628953777788 -0.5447920500793655 
-0.02481159548444444 1601426821627 -177.92853209076907 0 0.0 -0.09858318052666654 -0.8816150173789168 
-0.02481159548444444 1601426821685 -157.16304943873573 0 0.0 -0.12371592132666676 -0.3716347568007662 
-0.02481159548444444 1601426821740 -190.6096304256566 0 0.0 -0.14919772797111108 -0.4601322494949504 
-0.02481159548444444 1601426821772 -227.86844266277748 0 0.0 -0.1670000860377777 -0.6763150736111088 
-0.02481159548444444 1601426821810 -183.50722610269025 0 0.0 -0.16490569097111119 -0.20668372368421187 
-0.02481159548444444 1601426821845 -195.7232183806348 0 0.0 -0.17956645643777766 -0.1795195771428567 
-0.02481159548444444 1601426821873 -219.96459461357114 0 0.0 -0.18602417455999995 -0.37711577837301313 
-0.02481159548444444 1601426821897 -218.20368209472255 0 0.0 -0.19300549144888893 -0.27997989606481805 
-0.02481159548444444 1601426821954 -211.32226233894747 0 0.0 -0.20016134126000004 -0.12401023421052712 
-0.02481159548444444 1601426822002 -235.61334108638857 0 0.0 -0.21499663964888877 -0.22907446041666468 
-0.02481159548444444 1601426822051 -255.07153572893426 0 0.0 -0.22878474050444447 -0.2920755024943312 
---------------------------------------
Time Duty_cycle X X_dot Theta Theta_dot
---------------------------------------
Time Duty_cycle X X_dot Theta Theta_dot
---------------------------------------
Time Duty_cycle X X_dot Theta Theta_dot
---------------------------------------
Time Duty_cycle X X_dot Theta Theta_dot
---------------------------------------
Time Duty_cycle X X_dot Theta Theta_dot
---------------------------------------
Time Duty_cycle X X_dot Theta Theta_dot
---------------------------------------
Time Duty_cycle X X_dot Theta Theta_dot
---------------------------------------
Time Duty_cycle X X_dot Theta Theta_dot
---------------------------------------
Time Duty_cycle X X_dot Theta Theta_dot
---------------------------------------
Time Duty_cycle X X_dot Theta Theta_dot
---------------------------------------
Time Duty_cycle X X_dot Theta Theta_dot
---------------------------------------
Time Duty_cycle X X_dot Theta Theta_dot
---------------------------------------
Time Duty_cycle X X_dot Theta Theta_dot
---------------------------------------
Time Duty_cycle X X_dot Theta Theta_dot
